1 0.025 0.763671875 0.05 0.16796875
1 0.1140625 0.708984375 0.09375 0.1875
1 0.2421875 0.6513671875 0.096875 0.197265625
1 0.45546875 0.619140625 0.0484375 0.125
1 0.57734375 0.57421875 0.0578125 0.18359375
1 0.67890625 0.56640625 0.0796875 0.203125
1 0.80234375 0.537109375 0.0921875 0.18359375
1 0.14609375 0.904296875 0.0984375 0.1875
1 0.23359375 0.9111328125 0.0703125 0.173828125
1 0.3109375 0.8916015625 0.0875 0.162109375
1 0.45703125 0.83984375 0.0953125 0.1953125
1 0.54765625 0.8056640625 0.0921875 0.193359375
1 0.70546875 0.7978515625 0.0921875 0.185546875
1 0.8578125 0.76171875 0.115625 0.21484375
