1 0.8328125 0.654296875 0.078125 0.1484375
1 0.9078125 0.6376953125 0.090625 0.173828125
1 0.7 0.66796875 0.065625 0.125
1 0.63203125 0.669921875 0.0703125 0.16796875
1 0.5546875 0.666015625 0.071875 0.1640625
1 0.4140625 0.6982421875 0.053125 0.154296875
1 0.2046875 0.6953125 0.06875 0.15234375
1 0.05390625 0.712890625 0.0609375 0.1484375
1 0.95078125 0.4755859375 0.0515625 0.138671875
1 0.2921875 0.5380859375 0.053125 0.146484375
1 0.371875 0.517578125 0.071875 0.171875
1 0.46015625 0.53515625 0.0578125 0.1328125
1 0.54765625 0.513671875 0.0578125 0.14453125
1 0.653125 0.4814453125 0.071875 0.146484375
1 0.83828125 0.4873046875 0.0546875 0.111328125
