1 0.07421875 0.4169921875 0.0640625 0.134765625
1 0.178125 0.4013671875 0.084375 0.146484375
1 0.27734375 0.384765625 0.0796875 0.14453125
1 0.38359375 0.3564453125 0.0609375 0.130859375
1 0.4828125 0.349609375 0.075 0.1484375
1 0.5890625 0.3310546875 0.08125 0.150390625
1 0.66953125 0.3212890625 0.0859375 0.154296875
1 0.86796875 0.2734375 0.0921875 0.1640625
1 0.05234375 0.5712890625 0.0796875 0.162109375
1 0.12109375 0.5693359375 0.0734375 0.119140625
1 0.2671875 0.5361328125 0.084375 0.158203125
1 0.715625 0.46484375 0.09375 0.17578125
1 0.51015625 0.8798828125 0.1015625 0.197265625
1 0.8984375 0.8076171875 0.0875 0.181640625
1 0.97109375 0.8076171875 0.0546875 0.166015625
1 0.09296875 0.9296875 0.0796875 0.13671875
1 0.1765625 0.9189453125 0.078125 0.154296875
