1 0.1125 0.544921875 0.059375 0.09375
1 0.23359375 0.501953125 0.0546875 0.08203125
1 0.37109375 0.4453125 0.0546875 0.078125
1 0.41875 0.4248046875 0.071875 0.095703125
1 0.48671875 0.3955078125 0.0578125 0.087890625
1 0.61484375 0.3525390625 0.0578125 0.087890625
1 0.6671875 0.3369140625 0.0625 0.095703125
1 0.69453125 0.6552734375 0.0828125 0.119140625
1 0.44296875 0.5146484375 0.0765625 0.107421875
1 0.35703125 0.5458984375 0.0671875 0.095703125
1 0.45625 0.8525390625 0.0875 0.138671875
1 0.30234375 0.900390625 0.0765625 0.1328125
1 0.8203125 0.962890625 0.065625 0.06640625
