1 0.20078125 0.4111328125 0.0453125 0.060546875
1 0.2859375 0.3896484375 0.040625 0.052734375
1 0.38359375 0.3623046875 0.0359375 0.044921875
1 0.42109375 0.349609375 0.0515625 0.06640625
1 0.471875 0.3388671875 0.0375 0.048828125
1 0.5640625 0.318359375 0.0375 0.0546875
1 0.60390625 0.3095703125 0.0359375 0.052734375
1 0.44140625 0.39453125 0.0390625 0.0546875
1 0.37890625 0.4111328125 0.0328125 0.044921875
1 0.61484375 0.474609375 0.0578125 0.08203125
1 0.44375 0.5703125 0.05625 0.08203125
1 0.33359375 0.5888671875 0.0546875 0.080078125
1 0.38359375 0.9755859375 0.0453125 0.044921875
