1 0.3859375 0.8955078125 0.065625 0.091796875
1 0.3296875 0.4921875 0.053125 0.08203125
1 0.440625 0.4697265625 0.059375 0.087890625
1 0.6140625 0.3720703125 0.0625 0.083984375
1 0.37734375 0.310546875 0.0359375 0.05078125
1 0.4375 0.2939453125 0.046875 0.060546875
1 0.1890625 0.296875 0.053125 0.078125
1 0.27734375 0.2802734375 0.0515625 0.072265625
1 0.3828125 0.2568359375 0.0375 0.056640625
1 0.41796875 0.2451171875 0.0546875 0.072265625
1 0.46875 0.228515625 0.0375 0.0546875
1 0.5609375 0.2099609375 0.05 0.064453125
1 0.60078125 0.19921875 0.0421875 0.06640625
