1 0.07890625 0.3515625 0.1453125 0.1015625
1 0.403125 0.169921875 0.1375 0.0859375
1 0.4265625 0.380859375 0.128125 0.08984375
1 0.43203125 0.4873046875 0.1328125 0.083984375
1 0.565625 0.271484375 0.121875 0.078125
1 0.57109375 0.3427734375 0.1171875 0.052734375
1 0.5953125 0.4970703125 0.128125 0.060546875
1 0.609375 0.5947265625 0.11875 0.068359375
1 0.6046875 0.681640625 0.13125 0.0859375
1 0.621875 0.7783203125 0.153125 0.091796875
0 0.9609375 0.03125 0.025 0.05859375
0 0.9859375 0.029296875 0.025 0.05859375
