1 0.03984375 0.1689453125 0.0796875 0.060546875
1 0.26640625 0.09375 0.0984375 0.05078125
1 0.26328125 0.1923828125 0.0859375 0.056640625
1 0.25859375 0.2490234375 0.1046875 0.056640625
1 0.35703125 0.25 0.0734375 0.0390625
1 0.359375 0.3037109375 0.075 0.037109375
1 0.35390625 0.3427734375 0.0828125 0.037109375
1 0.34296875 0.384765625 0.0796875 0.046875
1 0.3578125 0.1865234375 0.059375 0.056640625
1 0.36015625 0.1416015625 0.0703125 0.048828125
0 0.15390625 0.8759765625 0.0328125 0.064453125
