1 0.1015625 0.3916015625 0.059375 0.111328125
1 0.24609375 0.3740234375 0.0546875 0.095703125
1 0.41015625 0.36328125 0.0515625 0.08984375
1 0.4796875 0.345703125 0.059375 0.0859375
1 0.5609375 0.328125 0.04375 0.0703125
1 0.71171875 0.322265625 0.0546875 0.08984375
1 0.78359375 0.31640625 0.0546875 0.09375
1 0.37109375 0.462890625 0.0515625 0.08203125
1 0.4765625 0.44921875 0.053125 0.0859375
1 0.7109375 0.65625 0.071875 0.12109375
1 0.37421875 0.8046875 0.0671875 0.140625
1 0.18984375 0.8173828125 0.0578125 0.130859375
