0 0.831455 0.055609 0.030292 0.082469
0 0.639652 0.201248 0.036923 0.110363
0 0.663229 0.218504 0.035744 0.105219
0 0.706399 0.227506 0.034881 0.110371
0 0.733601 0.236428 0.034167 0.108160
0 0.634327 0.351938 0.037524 0.123336
0 0.668164 0.363158 0.043887 0.139770
0 0.565926 0.448604 0.055065 0.160082
0 0.611652 0.469715 0.045149 0.142398
1 0.544588 0.049761 0.084414 0.097105
1 0.495135 0.100742 0.086461 0.095242
1 0.444981 0.144311 0.117342 0.101324
1 0.356467 0.210184 0.139423 0.133094
1 0.231848 0.317387 0.183196 0.152914
1 0.102189 0.441482 0.205125 0.196152
