0 0.764744 0.170480 0.034548 0.102625
0 0.598326 0.211770 0.030104 0.098187
0 0.422531 0.428252 0.059943 0.143996
0 0.431359 0.592967 0.050515 0.171480
0 0.472405 0.623887 0.057250 0.168711
0 0.532077 0.651471 0.056893 0.172941
0 0.591853 0.649631 0.053943 0.165121
0 0.407324 0.939105 0.064530 0.134930
0 0.461112 0.941631 0.075676 0.122480
1 0.544588 0.049761 0.084414 0.097105
1 0.495135 0.100742 0.086461 0.095242
1 0.444981 0.144311 0.117342 0.101324
1 0.356467 0.210184 0.139423 0.133094
1 0.231848 0.317387 0.183196 0.152914
1 0.102189 0.441482 0.205125 0.196152
