0 0.796137 0.116539 0.034714 0.094133
0 0.395405 0.455047 0.044798 0.130242
0 0.541933 0.387484 0.040473 0.142961
0 0.565863 0.408773 0.048452 0.138773
0 0.610213 0.428289 0.044533 0.135820
0 0.655339 0.432910 0.046452 0.135047
0 0.526177 0.634600 0.048307 0.173887
0 0.550424 0.645275 0.056146 0.190004
0 0.408540 0.874469 0.070533 0.223078
0 0.488381 0.889002 0.064738 0.207848
1 0.544588 0.049761 0.084414 0.097105
1 0.495135 0.100742 0.086461 0.095242
1 0.444981 0.144311 0.117342 0.101324
1 0.356467 0.210184 0.139423 0.133094
1 0.231848 0.317387 0.183196 0.152914
1 0.102189 0.441482 0.205125 0.196152
