0 0.787499 0.138990 0.036783 0.099105
0 0.489589 0.331541 0.032810 0.119512
0 0.110539 0.959844 0.078339 0.092734
0 0.502769 0.466533 0.040003 0.149707
0 0.532296 0.493664 0.051497 0.150609
0 0.576848 0.508965 0.048935 0.150195
0 0.643780 0.524508 0.051250 0.147609
0 0.484817 0.761953 0.057848 0.194297
0 0.505116 0.776377 0.068149 0.210645
1 0.544588 0.049761 0.084414 0.097105
1 0.495135 0.100742 0.086461 0.095242
1 0.444981 0.144311 0.117342 0.101324
1 0.356467 0.210184 0.139423 0.133094
1 0.231848 0.317387 0.183196 0.152914
1 0.102189 0.441482 0.205125 0.196152
