0 0.799644 0.107158 0.033872 0.092121
0 0.350738 0.526938 0.051179 0.145594
0 0.554600 0.360719 0.040211 0.139531
0 0.578198 0.378066 0.047051 0.135703
0 0.624170 0.397344 0.041970 0.131516
0 0.659533 0.398027 0.043649 0.131586
0 0.543507 0.592984 0.047372 0.168625
0 0.566771 0.606754 0.053363 0.184523
0 0.429640 0.807527 0.071185 0.216305
0 0.506185 0.816461 0.061893 0.195656
1 0.544588 0.049761 0.084414 0.097105
1 0.495135 0.100742 0.086461 0.095242
1 0.444981 0.144311 0.117342 0.101324
1 0.356467 0.210184 0.139423 0.133094
1 0.231848 0.317387 0.183196 0.152914
1 0.102189 0.441482 0.205125 0.196152
