0 0.790368 0.131506 0.036092 0.097449
0 0.462726 0.369775 0.038488 0.123207
0 0.517740 0.438125 0.038217 0.145539
0 0.543418 0.463551 0.050646 0.144055
0 0.587859 0.477801 0.048634 0.142711
0 0.651562 0.490393 0.046220 0.140941
0 0.499296 0.717264 0.050497 0.188824
0 0.521372 0.729660 0.066554 0.200883
1 0.544588 0.049761 0.084414 0.097105
1 0.495135 0.100742 0.086461 0.095242
1 0.444981 0.144311 0.117342 0.101324
1 0.356467 0.210184 0.139423 0.133094
1 0.231848 0.317387 0.183196 0.152914
1 0.102189 0.441482 0.205125 0.196152
