0 0.830467 0.060185 0.030815 0.083676
0 0.627094 0.208385 0.034842 0.110480
0 0.659509 0.227881 0.035744 0.106434
0 0.700804 0.238213 0.035357 0.110746
0 0.729318 0.246475 0.033994 0.109059
0 0.628238 0.367771 0.036595 0.126020
0 0.663551 0.377969 0.043887 0.141789
0 0.555001 0.464820 0.056610 0.161242
0 0.603289 0.487635 0.048780 0.142066
1 0.544588 0.049761 0.084414 0.097105
1 0.495135 0.100742 0.086461 0.095242
1 0.444981 0.144311 0.117342 0.101324
1 0.356467 0.210184 0.139423 0.133094
1 0.231848 0.317387 0.183196 0.152914
1 0.102189 0.441482 0.205125 0.196152
