0 0.815619 0.080930 0.032548 0.088336
0 0.154624 0.933049 0.071122 0.145551
0 0.587585 0.271775 0.035765 0.123840
0 0.625454 0.292738 0.039003 0.119211
0 0.663323 0.304420 0.038789 0.117035
0 0.701397 0.315033 0.038866 0.118730
0 0.585251 0.462725 0.041455 0.144926
0 0.627918 0.476967 0.048574 0.164402
0 0.491376 0.596143 0.059360 0.181895
0 0.556122 0.613775 0.050339 0.162238
1 0.544588 0.049761 0.084414 0.097105
1 0.495135 0.100742 0.086461 0.095242
1 0.444981 0.144311 0.117342 0.101324
1 0.356467 0.210184 0.139423 0.133094
1 0.231848 0.317387 0.183196 0.152914
1 0.102189 0.441482 0.205125 0.196152
