0 0.799007 0.109053 0.034027 0.092473
0 0.359685 0.512551 0.049905 0.142523
0 0.552067 0.366074 0.040265 0.140219
0 0.576046 0.383498 0.047330 0.136316
0 0.621390 0.403533 0.042482 0.132379
0 0.656516 0.404410 0.045652 0.131586
0 0.539757 0.601340 0.047372 0.169711
0 0.563028 0.615285 0.053616 0.186430
0 0.423641 0.823025 0.069604 0.214645
0 0.503841 0.826096 0.058753 0.197738
1 0.544588 0.049761 0.084414 0.097105
1 0.495135 0.100742 0.086461 0.095242
1 0.444981 0.144311 0.117342 0.101324
1 0.356467 0.210184 0.139423 0.133094
1 0.231848 0.317387 0.183196 0.152914
1 0.102189 0.441482 0.205125 0.196152
