0 0.774946 0.149223 0.036917 0.101359
0 0.540263 0.276176 0.030824 0.110750
0 0.247262 0.685316 0.067155 0.193367
0 0.477159 0.517316 0.041045 0.155727
0 0.507293 0.545582 0.051134 0.153586
0 0.561368 0.565391 0.052199 0.152344
0 0.630487 0.575260 0.053116 0.159113
0 0.452635 0.848408 0.058187 0.206270
0 0.491344 0.871412 0.063759 0.231105
1 0.544588 0.049761 0.084414 0.097105
1 0.495135 0.100742 0.086461 0.095242
1 0.444981 0.144311 0.117342 0.101324
1 0.356467 0.210184 0.139423 0.133094
1 0.231848 0.317387 0.183196 0.152914
1 0.102189 0.441482 0.205125 0.196152
