0 0.840963 0.033217 0.027461 0.068020
0 0.674936 0.143900 0.033443 0.103895
0 0.688455 0.158002 0.032327 0.097043
0 0.721301 0.166189 0.032363 0.096074
0 0.763687 0.175375 0.034220 0.099750
0 0.685412 0.273986 0.039277 0.113785
0 0.708423 0.280803 0.037321 0.125395
0 0.620220 0.341215 0.053952 0.140813
0 0.653368 0.359189 0.040128 0.124871
1 0.544588 0.049761 0.084414 0.097105
1 0.495135 0.100742 0.086461 0.095242
1 0.444981 0.144311 0.117342 0.101324
1 0.356467 0.210184 0.139423 0.133094
1 0.231848 0.317387 0.183196 0.152914
1 0.102189 0.441482 0.205125 0.196152
