0 0.804729 0.091051 0.033208 0.090773
0 0.268363 0.700949 0.053726 0.167758
0 0.575382 0.312994 0.039277 0.132988
0 0.600906 0.332322 0.042527 0.124941
0 0.640841 0.345889 0.040848 0.124465
0 0.686360 0.355037 0.040101 0.124137
0 0.566240 0.517504 0.042479 0.151961
0 0.600738 0.531977 0.051238 0.168406
0 0.468057 0.690908 0.063792 0.203223
0 0.538278 0.704988 0.052449 0.178414
1 0.544588 0.049761 0.084414 0.097105
1 0.495135 0.100742 0.086461 0.095242
1 0.444981 0.144311 0.117342 0.101324
1 0.356467 0.210184 0.139423 0.133094
1 0.231848 0.317387 0.183196 0.152914
1 0.102189 0.441482 0.205125 0.196152
