0 0.828823 0.067813 0.031693 0.085691
0 0.613778 0.223730 0.034461 0.115820
0 0.650068 0.246490 0.036625 0.110137
0 0.691497 0.256055 0.036149 0.111367
0 0.721878 0.264057 0.034232 0.110926
0 0.616827 0.395545 0.038119 0.130418
0 0.654243 0.405020 0.044616 0.147258
0 0.541924 0.503879 0.062241 0.172367
0 0.593138 0.524062 0.048955 0.148125
1 0.544588 0.049761 0.084414 0.097105
1 0.495135 0.100742 0.086461 0.095242
1 0.444981 0.144311 0.117342 0.101324
1 0.356467 0.210184 0.139423 0.133094
1 0.231848 0.317387 0.183196 0.152914
1 0.102189 0.441482 0.205125 0.196152
