0 0.772679 0.153957 0.036369 0.101648
0 0.553766 0.262500 0.030568 0.107711
0 0.290830 0.615893 0.058601 0.185379
0 0.468854 0.533332 0.040506 0.160492
0 0.497490 0.567209 0.052717 0.161137
0 0.553503 0.582988 0.052780 0.160195
0 0.624735 0.592482 0.053161 0.155902
0 0.445482 0.879748 0.065190 0.216059
0 0.484929 0.889770 0.063548 0.222820
1 0.544588 0.049761 0.084414 0.097105
1 0.495135 0.100742 0.086461 0.095242
1 0.444981 0.144311 0.117342 0.101324
1 0.356467 0.210184 0.139423 0.133094
1 0.231848 0.317387 0.183196 0.152914
1 0.102189 0.441482 0.205125 0.196152
