0 0.776095 0.146857 0.037190 0.101215
0 0.533254 0.283180 0.031033 0.112078
0 0.227826 0.721479 0.073539 0.200223
0 0.482268 0.508709 0.039833 0.154605
0 0.513192 0.537248 0.052872 0.149809
0 0.562689 0.558477 0.051330 0.153359
0 0.632719 0.567668 0.053116 0.156664
0 0.456946 0.837070 0.059548 0.205078
0 0.495725 0.853598 0.062164 0.220633
1 0.544588 0.049761 0.084414 0.097105
1 0.495135 0.100742 0.086461 0.095242
1 0.444981 0.144311 0.117342 0.101324
1 0.356467 0.210184 0.139423 0.133094
1 0.231848 0.317387 0.183196 0.152914
1 0.102189 0.441482 0.205125 0.196152
