0 0.834186 0.043667 0.028909 0.079039
0 0.649969 0.174299 0.035652 0.108418
0 0.673110 0.193492 0.035744 0.101977
0 0.714198 0.204279 0.033693 0.104855
0 0.744048 0.209633 0.032738 0.105758
0 0.652187 0.321813 0.043542 0.122039
0 0.684874 0.328723 0.042485 0.135289
0 0.595942 0.403547 0.051467 0.154445
0 0.625208 0.418098 0.045179 0.133242
1 0.544588 0.049761 0.084414 0.097105
1 0.495135 0.100742 0.086461 0.095242
1 0.444981 0.144311 0.117342 0.101324
1 0.356467 0.210184 0.139423 0.133094
1 0.231848 0.317387 0.183196 0.152914
1 0.102189 0.441482 0.205125 0.196152
