0 0.838704 0.036700 0.027944 0.071691
0 0.665930 0.151639 0.035313 0.103965
0 0.683097 0.168887 0.035063 0.098719
0 0.718454 0.179365 0.032682 0.100676
0 0.756429 0.186547 0.033512 0.101148
0 0.671168 0.288982 0.038765 0.116895
0 0.701124 0.294252 0.040045 0.127074
0 0.613147 0.361543 0.052842 0.145273
0 0.643668 0.376912 0.040670 0.127332
1 0.544588 0.049761 0.084414 0.097105
1 0.495135 0.100742 0.086461 0.095242
1 0.444981 0.144311 0.117342 0.101324
1 0.356467 0.210184 0.139423 0.133094
1 0.231848 0.317387 0.183196 0.152914
1 0.102189 0.441482 0.205125 0.196152
