0 0.813222 0.083180 0.032693 0.088879
0 0.186527 0.892338 0.063292 0.192723
0 0.584509 0.280311 0.037292 0.126902
0 0.620040 0.301350 0.039366 0.120168
0 0.657805 0.312975 0.039360 0.118723
0 0.698052 0.323924 0.039140 0.119934
0 0.581317 0.474910 0.042634 0.147320
0 0.623738 0.489920 0.049560 0.165699
0 0.486458 0.615168 0.059524 0.185805
0 0.551918 0.628318 0.051158 0.163980
1 0.544588 0.049761 0.084414 0.097105
1 0.495135 0.100742 0.086461 0.095242
1 0.444981 0.144311 0.117342 0.101324
1 0.356467 0.210184 0.139423 0.133094
1 0.231848 0.317387 0.183196 0.152914
1 0.102189 0.441482 0.205125 0.196152
