0 0.828494 0.069339 0.031869 0.086094
0 0.610999 0.227230 0.032295 0.115437
0 0.648085 0.250295 0.036824 0.110926
0 0.689612 0.259625 0.036307 0.111492
0 0.720177 0.268238 0.034699 0.111594
0 0.614539 0.401098 0.038423 0.131297
0 0.652045 0.410941 0.044923 0.148805
0 0.545740 0.512057 0.069812 0.170598
0 0.591452 0.531973 0.048440 0.149961
1 0.544588 0.049761 0.084414 0.097105
1 0.495135 0.100742 0.086461 0.095242
1 0.444981 0.144311 0.117342 0.101324
1 0.356467 0.210184 0.139423 0.133094
1 0.231848 0.317387 0.183196 0.152914
1 0.102189 0.441482 0.205125 0.196152
