1 0.409199 0.657428 0.124054 0.103449
1 0.534811 0.940979 0.159920 0.118441
1 0.208778 0.678287 0.113658 0.105324
1 0.400954 0.941809 0.138217 0.106820
1 0.173842 0.345781 0.145452 0.092453
1 0.148409 0.376643 0.060771 0.042730
1 0.141942 0.403227 0.062711 0.053523
1 0.399249 0.471959 0.100521 0.071965
1 0.545649 0.441246 0.081357 0.057805
1 0.328217 0.369455 0.227173 0.148801
1 0.448018 0.350648 0.082702 0.071484
1 0.672652 0.434393 0.082625 0.053160
1 0.732277 0.566189 0.103839 0.065895
1 0.729190 0.647836 0.111417 0.084187
1 0.790732 0.557336 0.095988 0.061469
