0 0.836445 0.040182 0.028426 0.075363
0 0.658354 0.160502 0.037065 0.107418
0 0.678051 0.180990 0.035744 0.100355
0 0.718052 0.191334 0.033188 0.104395
0 0.749168 0.197717 0.032801 0.102543
0 0.663402 0.302590 0.034065 0.117516
0 0.693263 0.310227 0.041765 0.130375
0 0.606073 0.381865 0.051729 0.149730
0 0.636649 0.397199 0.041214 0.129789
1 0.544588 0.049761 0.084414 0.097105
1 0.495135 0.100742 0.086461 0.095242
1 0.444981 0.144311 0.117342 0.101324
1 0.356467 0.210184 0.139423 0.133094
1 0.231848 0.317387 0.183196 0.152914
1 0.102189 0.441482 0.205125 0.196152
