0 0.829810 0.063238 0.031167 0.084484
0 0.624763 0.213068 0.041491 0.111785
0 0.656018 0.235080 0.036024 0.107777
0 0.697092 0.245350 0.035673 0.110996
0 0.726463 0.253174 0.033878 0.109660
0 0.623662 0.378881 0.037205 0.127777
0 0.660455 0.387846 0.043887 0.143137
0 0.547548 0.479918 0.055155 0.166242
0 0.598171 0.500336 0.050509 0.142625
1 0.544588 0.049761 0.084414 0.097105
1 0.495135 0.100742 0.086461 0.095242
1 0.444981 0.144311 0.117342 0.101324
1 0.356467 0.210184 0.139423 0.133094
1 0.231848 0.317387 0.183196 0.152914
1 0.102189 0.441482 0.205125 0.196152
