0 0.833428 0.046456 0.029237 0.080051
0 0.649199 0.180703 0.036435 0.108930
0 0.670640 0.199744 0.035744 0.102785
0 0.712271 0.210754 0.033946 0.105086
0 0.741622 0.216332 0.033482 0.106359
0 0.647457 0.329705 0.042592 0.122988
0 0.680647 0.337971 0.042842 0.137746
0 0.588027 0.415648 0.052125 0.157039
0 0.621199 0.431373 0.043411 0.136457
1 0.544588 0.049761 0.084414 0.097105
1 0.495135 0.100742 0.086461 0.095242
1 0.444981 0.144311 0.117342 0.101324
1 0.356467 0.210184 0.139423 0.133094
1 0.231848 0.317387 0.183196 0.152914
1 0.102189 0.441482 0.205125 0.196152
