0 0.842687 0.030606 0.027099 0.065266
0 0.681414 0.138045 0.032173 0.103738
0 0.692490 0.149836 0.030277 0.095789
0 0.724305 0.156293 0.032122 0.092719
0 0.766612 0.168531 0.033818 0.098961
0 0.691110 0.262170 0.033589 0.113785
0 0.713993 0.270904 0.035604 0.124246
0 0.629836 0.324953 0.056577 0.137156
0 0.660961 0.346064 0.039720 0.123027
1 0.544588 0.049761 0.084414 0.097105
1 0.495135 0.100742 0.086461 0.095242
1 0.444981 0.144311 0.117342 0.101324
1 0.356467 0.210184 0.139423 0.133094
1 0.231848 0.317387 0.183196 0.152914
1 0.102189 0.441482 0.205125 0.196152
