0 0.829152 0.066288 0.031518 0.085289
0 0.617420 0.220176 0.036804 0.114477
0 0.652052 0.242688 0.036426 0.109352
0 0.693353 0.252484 0.035991 0.111242
0 0.723607 0.259871 0.033762 0.110258
0 0.619115 0.389990 0.037812 0.129535
0 0.656442 0.399100 0.044312 0.145707
0 0.540778 0.494670 0.054116 0.169418
0 0.594826 0.516154 0.049473 0.146293
1 0.544588 0.049761 0.084414 0.097105
1 0.495135 0.100742 0.086461 0.095242
1 0.444981 0.144311 0.117342 0.101324
1 0.356467 0.210184 0.139423 0.133094
1 0.231848 0.317387 0.183196 0.152914
1 0.102189 0.441482 0.205125 0.196152
