0 0.789650 0.133377 0.036265 0.097863
0 0.469348 0.360885 0.037030 0.123207
0 0.514004 0.445225 0.038664 0.146582
0 0.539103 0.472459 0.050646 0.146480
0 0.585079 0.483973 0.049146 0.143570
0 0.651232 0.495750 0.046452 0.136969
0 0.496293 0.729471 0.051515 0.190660
0 0.516363 0.746422 0.066952 0.212844
1 0.544588 0.049761 0.084414 0.097105
1 0.495135 0.100742 0.086461 0.095242
1 0.444981 0.144311 0.117342 0.101324
1 0.356467 0.210184 0.139423 0.133094
1 0.231848 0.317387 0.183196 0.152914
1 0.102189 0.441482 0.205125 0.196152
