0 0.842122 0.031476 0.027220 0.066184
0 0.679438 0.140033 0.032506 0.103863
0 0.691165 0.152557 0.030961 0.096207
0 0.723265 0.159344 0.032244 0.093586
0 0.765637 0.170816 0.033952 0.099227
0 0.689201 0.266111 0.035485 0.113785
0 0.712058 0.274074 0.035961 0.124555
0 0.623772 0.331053 0.054509 0.138582
0 0.658439 0.350437 0.039854 0.123641
1 0.544588 0.049761 0.084414 0.097105
1 0.495135 0.100742 0.086461 0.095242
1 0.444981 0.144311 0.117342 0.101324
1 0.356467 0.210184 0.139423 0.133094
1 0.231848 0.317387 0.183196 0.152914
1 0.102189 0.441482 0.205125 0.196152
