0 0.837575 0.038441 0.028185 0.073527
0 0.661985 0.155791 0.036292 0.105191
0 0.680521 0.174736 0.035744 0.099543
0 0.718253 0.185350 0.032935 0.102535
0 0.752799 0.192135 0.033158 0.101848
0 0.665582 0.296150 0.039140 0.117074
0 0.697488 0.300979 0.041405 0.127918
0 0.609625 0.371703 0.052286 0.147500
0 0.640708 0.386770 0.040940 0.128562
1 0.544588 0.049761 0.084414 0.097105
1 0.495135 0.100742 0.086461 0.095242
1 0.444981 0.144311 0.117342 0.101324
1 0.356467 0.210184 0.139423 0.133094
1 0.231848 0.317387 0.183196 0.152914
1 0.102189 0.441482 0.205125 0.196152
