0 0.784993 0.140996 0.037128 0.099937
0 0.504637 0.311691 0.031714 0.115203
0 0.140970 0.901068 0.079869 0.204871
0 0.495796 0.481434 0.040164 0.152867
0 0.526162 0.509377 0.052443 0.151957
0 0.571394 0.526705 0.048503 0.155285
0 0.641231 0.535803 0.053116 0.150668
0 0.478097 0.786842 0.058277 0.200793
0 0.498530 0.797604 0.068548 0.210832
1 0.544588 0.049761 0.084414 0.097105
1 0.495135 0.100742 0.086461 0.095242
1 0.444981 0.144311 0.117342 0.101324
1 0.356467 0.210184 0.139423 0.133094
1 0.231848 0.317387 0.183196 0.152914
1 0.102189 0.441482 0.205125 0.196152
