0 0.812009 0.084305 0.032768 0.089148
0 0.199208 0.861305 0.062863 0.191594
0 0.583757 0.283656 0.037574 0.127773
0 0.617333 0.305656 0.039548 0.120648
0 0.655031 0.317252 0.039646 0.119566
0 0.696394 0.328369 0.039277 0.120535
0 0.579351 0.481018 0.043226 0.148520
0 0.621634 0.496375 0.050054 0.166344
0 0.484155 0.626877 0.058488 0.189301
0 0.549610 0.636854 0.051363 0.165660
1 0.544588 0.049761 0.084414 0.097105
1 0.495135 0.100742 0.086461 0.095242
1 0.444981 0.144311 0.117342 0.101324
1 0.356467 0.210184 0.139423 0.133094
1 0.231848 0.317387 0.183196 0.152914
1 0.102189 0.441482 0.205125 0.196152
