0 0.830796 0.058660 0.030640 0.083273
0 0.632640 0.204957 0.033315 0.110273
0 0.660759 0.224756 0.035744 0.106027
0 0.702659 0.234643 0.035199 0.110621
0 0.730746 0.243125 0.034051 0.108758
0 0.630527 0.362219 0.036292 0.125141
0 0.665068 0.373029 0.043887 0.141113
0 0.558643 0.459416 0.056095 0.160855
0 0.606076 0.481637 0.047568 0.142180
1 0.544588 0.049761 0.084414 0.097105
1 0.495135 0.100742 0.086461 0.095242
1 0.444981 0.144311 0.117342 0.101324
1 0.356467 0.210184 0.139423 0.133094
1 0.231848 0.317387 0.183196 0.152914
1 0.102189 0.441482 0.205125 0.196152
