1 0.680493 0.932240 0.154438 0.104949
1 0.505159 0.903857 0.165795 0.125293
1 0.367268 0.695869 0.141643 0.114941
1 0.256795 0.355135 0.082899 0.058043
1 0.229195 0.322764 0.081301 0.050973
1 0.153204 0.374066 0.051860 0.050375
1 0.416762 0.347531 0.073107 0.046477
1 0.296924 0.431861 0.073551 0.051223
1 0.518310 0.454037 0.084595 0.058074
1 0.263165 0.448240 0.086086 0.064605
1 0.484804 0.478129 0.091155 0.059070
1 0.658121 0.453648 0.082134 0.049719
1 0.667095 0.478840 0.089012 0.067992
1 0.725085 0.638020 0.110229 0.077211
