1 0.216650 0.672988 0.112271 0.106445
1 0.331857 0.315412 0.075214 0.055012
1 0.261863 0.317254 0.072726 0.052391
1 0.330787 0.442883 0.086313 0.060062
1 0.163299 0.409936 0.075818 0.067840
1 0.297591 0.503826 0.087955 0.066715
1 0.591119 0.549350 0.093607 0.065730
1 0.635368 0.528945 0.098235 0.062969
1 0.744458 0.528229 0.110762 0.076926
1 0.812807 0.522064 0.104125 0.085457
1 0.787847 0.627865 0.083551 0.069324
1 0.769918 0.661250 0.115372 0.090703
1 0.725369 0.946465 0.140500 0.106445
1 0.547179 0.944498 0.145071 0.112043
1 0.937647 0.521709 0.091128 0.066465
