0 0.835881 0.041053 0.028547 0.076281
0 0.655329 0.164082 0.036313 0.107664
0 0.676801 0.184113 0.035744 0.100758
0 0.717103 0.194570 0.033313 0.104508
0 0.747354 0.200510 0.032625 0.102895
0 0.660598 0.307398 0.036435 0.118648
0 0.691180 0.314852 0.041943 0.131602
0 0.604296 0.386947 0.051449 0.150848
0 0.634484 0.402488 0.041348 0.130406
1 0.544588 0.049761 0.084414 0.097105
1 0.495135 0.100742 0.086461 0.095242
1 0.444981 0.144311 0.117342 0.101324
1 0.356467 0.210184 0.139423 0.133094
1 0.231848 0.317387 0.183196 0.152914
1 0.102189 0.441482 0.205125 0.196152
