0 0.770379 0.158693 0.035818 0.101934
0 0.567057 0.248301 0.030482 0.104641
0 0.329897 0.553551 0.052830 0.172805
0 0.460037 0.547123 0.045015 0.163777
0 0.495234 0.578830 0.055110 0.155707
0 0.545533 0.604678 0.053387 0.168340
0 0.613838 0.607295 0.053985 0.159824
0 0.437296 0.901586 0.064235 0.210750
0 0.475869 0.903443 0.071738 0.196340
1 0.544588 0.049761 0.084414 0.097105
1 0.495135 0.100742 0.086461 0.095242
1 0.444981 0.144311 0.117342 0.101324
1 0.356467 0.210184 0.139423 0.133094
1 0.231848 0.317387 0.183196 0.152914
1 0.102189 0.441482 0.205125 0.196152
