1 0.319436 0.611383 0.114515 0.097453
1 0.439226 0.896270 0.143929 0.137930
1 0.143097 0.638773 0.102235 0.095203
1 0.185762 0.350680 0.169744 0.104648
1 0.179650 0.388383 0.064920 0.043227
1 0.176952 0.418244 0.070060 0.055973
1 0.450149 0.491604 0.102202 0.073285
1 0.591961 0.457264 0.083387 0.059371
1 0.359762 0.380621 0.235310 0.154422
1 0.479202 0.360092 0.081560 0.071184
1 0.708812 0.446111 0.084530 0.054723
1 0.788042 0.587395 0.106560 0.067680
1 0.811144 0.680133 0.114491 0.085344
1 0.850613 0.578430 0.095095 0.061469
