0 0.788933 0.135248 0.036437 0.098277
0 0.475490 0.351990 0.035205 0.123207
0 0.510240 0.452324 0.039110 0.147625
0 0.534787 0.481369 0.050646 0.148910
0 0.582302 0.491264 0.049366 0.145105
0 0.647955 0.505687 0.047875 0.141453
0 0.492320 0.742014 0.055473 0.191527
0 0.512604 0.756406 0.067351 0.212109
1 0.544588 0.049761 0.084414 0.097105
1 0.495135 0.100742 0.086461 0.095242
1 0.444981 0.144311 0.117342 0.101324
1 0.356467 0.210184 0.139423 0.133094
1 0.231848 0.317387 0.183196 0.152914
1 0.102189 0.441482 0.205125 0.196152
