0 0.840398 0.034088 0.027582 0.068937
0 0.672670 0.145836 0.033911 0.103914
0 0.687131 0.160725 0.033012 0.097465
0 0.720318 0.169613 0.032423 0.097320
0 0.761872 0.178168 0.034042 0.100102
0 0.682036 0.277693 0.038000 0.114980
0 0.706591 0.284164 0.038003 0.125812
0 0.618475 0.346295 0.053676 0.141926
0 0.650845 0.363566 0.040262 0.125484
1 0.544588 0.049761 0.084414 0.097105
1 0.495135 0.100742 0.086461 0.095242
1 0.444981 0.144311 0.117342 0.101324
1 0.356467 0.210184 0.139423 0.133094
1 0.231848 0.317387 0.183196 0.152914
1 0.102189 0.441482 0.205125 0.196152
