0 0.773827 0.151592 0.036643 0.101504
0 0.547015 0.269338 0.030696 0.109230
0 0.268042 0.649973 0.061976 0.188148
0 0.471942 0.530080 0.041741 0.162113
0 0.501426 0.553875 0.049399 0.157359
0 0.558790 0.570629 0.052878 0.152977
0 0.627293 0.585531 0.045658 0.158172
0 0.448997 0.863578 0.061149 0.210750
0 0.488751 0.881096 0.062563 0.229535
1 0.544588 0.049761 0.084414 0.097105
1 0.495135 0.100742 0.086461 0.095242
1 0.444981 0.144311 0.117342 0.101324
1 0.356467 0.210184 0.139423 0.133094
1 0.231848 0.317387 0.183196 0.152914
1 0.102189 0.441482 0.205125 0.196152
