1 0.716268 0.879215 0.144857 0.117414
1 0.145610 0.319496 0.064768 0.049477
1 0.417622 0.342152 0.086970 0.055570
1 0.259731 0.304051 0.057277 0.038766
1 0.223073 0.325240 0.065378 0.048988
1 0.366457 0.349885 0.074818 0.057848
1 0.504284 0.513008 0.091902 0.063516
1 0.376829 0.498207 0.088241 0.075711
1 0.629289 0.652168 0.109946 0.077773
1 0.807555 0.636969 0.108860 0.065969
1 0.833821 0.608807 0.106690 0.069566
1 0.913708 0.591635 0.120512 0.083582
1 0.333571 0.749121 0.111780 0.113086
1 0.169705 0.722635 0.109762 0.102223
