0 0.831125 0.057134 0.030464 0.082871
0 0.636074 0.203746 0.035423 0.110617
0 0.661979 0.221627 0.035744 0.105621
0 0.704543 0.231072 0.035039 0.110496
0 0.732174 0.239775 0.034110 0.108457
0 0.632815 0.356666 0.035988 0.124262
0 0.666616 0.368092 0.043887 0.140441
0 0.562284 0.454008 0.055580 0.160469
0 0.608865 0.475676 0.046360 0.142289
1 0.544588 0.049761 0.084414 0.097105
1 0.495135 0.100742 0.086461 0.095242
1 0.444981 0.144311 0.117342 0.101324
1 0.356467 0.210184 0.139423 0.133094
1 0.231848 0.317387 0.183196 0.152914
1 0.102189 0.441482 0.205125 0.196152
