1 0.377560 0.843021 0.143929 0.128934
1 0.047143 0.474967 0.081673 0.071965
1 0.296982 0.376943 0.068911 0.053809
1 0.142281 0.369324 0.059318 0.054508
1 0.428232 0.347066 0.086107 0.059328
1 0.436400 0.489266 0.090301 0.064391
1 0.627952 0.490070 0.095071 0.069906
1 0.577613 0.400467 0.072429 0.041918
1 0.132244 0.338162 0.059970 0.039730
1 0.638399 0.535547 0.073107 0.064062
1 0.621970 0.607707 0.107750 0.076977
1 0.897403 0.497109 0.106533 0.070781
1 0.645890 0.450121 0.085649 0.053523
1 0.865567 0.552357 0.095301 0.072605
1 0.937058 0.545877 0.108342 0.073004
