0 0.801805 0.095131 0.033432 0.091457
0 0.296988 0.634662 0.062149 0.147137
0 0.569830 0.328602 0.039899 0.135414
0 0.592676 0.345717 0.044161 0.127199
0 0.635802 0.362781 0.041009 0.126773
0 0.677592 0.368615 0.040542 0.126957
0 0.561216 0.542893 0.045289 0.157035
0 0.589137 0.555715 0.051845 0.173070
0 0.456734 0.729582 0.066443 0.203227
0 0.530918 0.737020 0.050348 0.183258
1 0.544588 0.049761 0.084414 0.097105
1 0.495135 0.100742 0.086461 0.095242
1 0.444981 0.144311 0.117342 0.101324
1 0.356467 0.210184 0.139423 0.133094
1 0.231848 0.317387 0.183196 0.152914
1 0.102189 0.441482 0.205125 0.196152
