0 0.832113 0.052557 0.029940 0.081660
0 0.645335 0.193682 0.033527 0.107871
0 0.665699 0.212250 0.035744 0.104406
0 0.708098 0.222322 0.036315 0.110535
0 0.736427 0.229729 0.034283 0.107559
0 0.635086 0.344965 0.046125 0.121344
0 0.672257 0.356463 0.043563 0.142660
0 0.573208 0.437789 0.054036 0.159312
0 0.615278 0.457398 0.043057 0.141609
1 0.544588 0.049761 0.084414 0.097105
1 0.495135 0.100742 0.086461 0.095242
1 0.444981 0.144311 0.117342 0.101324
1 0.356467 0.210184 0.139423 0.133094
1 0.231848 0.317387 0.183196 0.152914
1 0.102189 0.441482 0.205125 0.196152
