1 0.943176 0.908980 0.104327 0.106945
1 0.489741 0.696766 0.126327 0.104469
1 0.184693 0.603150 0.092905 0.085207
1 0.296869 0.372703 0.080321 0.058867
1 0.308537 0.314486 0.064158 0.040355
1 0.213179 0.373020 0.056946 0.047977
1 0.564702 0.387314 0.090655 0.053902
1 0.379638 0.346406 0.067015 0.046227
1 0.414735 0.390293 0.075185 0.053906
1 0.551774 0.410555 0.082417 0.062781
1 0.206518 0.465299 0.072583 0.053098
1 0.384939 0.511684 0.099818 0.074617
1 0.838567 0.642381 0.104336 0.067965
1 0.837900 0.685553 0.116574 0.099387
