0 0.794702 0.120281 0.035060 0.094961
0 0.412554 0.429896 0.042429 0.126309
0 0.537158 0.398316 0.039494 0.143234
0 0.560341 0.422365 0.049015 0.140004
0 0.604624 0.440666 0.045557 0.137543
0 0.655339 0.447328 0.046452 0.136969
0 0.522342 0.650787 0.050637 0.175637
0 0.546475 0.663910 0.060568 0.193836
0 0.397851 0.901242 0.068976 0.205453
0 0.481588 0.908146 0.059068 0.193949
1 0.544588 0.049761 0.084414 0.097105
1 0.495135 0.100742 0.086461 0.095242
1 0.444981 0.144311 0.117342 0.101324
1 0.356467 0.210184 0.139423 0.133094
1 0.231848 0.317387 0.183196 0.152914
1 0.102189 0.441482 0.205125 0.196152
