1 0.401430 0.649135 0.111372 0.085457
1 0.099833 0.499723 0.084244 0.077961
1 0.160836 0.326141 0.060256 0.044180
1 0.293591 0.305926 0.076533 0.050227
1 0.218771 0.402252 0.070821 0.055473
1 0.448536 0.425691 0.086417 0.065445
1 0.436135 0.354354 0.066795 0.041426
1 0.397259 0.443471 0.062256 0.053973
1 0.302976 0.472506 0.082738 0.060168
1 0.721842 0.439408 0.098268 0.065848
1 0.502256 0.392988 0.075940 0.049773
1 0.621016 0.465506 0.092628 0.064605
1 0.731772 0.469361 0.095509 0.066926
1 0.547760 0.618133 0.100521 0.064469
1 0.756308 0.663625 0.122795 0.090453
