0 0.797571 0.112797 0.034369 0.093305
0 0.377545 0.483816 0.047351 0.136383
0 0.547000 0.376779 0.040369 0.141590
0 0.571387 0.395180 0.047893 0.137547
0 0.615802 0.415908 0.043509 0.134098
0 0.655339 0.418496 0.046452 0.133125
0 0.532228 0.618090 0.047372 0.171883
0 0.555573 0.632273 0.054122 0.190250
0 0.417744 0.849820 0.068881 0.230422
0 0.498871 0.855369 0.056491 0.205035
1 0.544588 0.049761 0.084414 0.097105
1 0.495135 0.100742 0.086461 0.095242
1 0.444981 0.144311 0.117342 0.101324
1 0.356467 0.210184 0.139423 0.133094
1 0.231848 0.317387 0.183196 0.152914
1 0.102189 0.441482 0.205125 0.196152
