0 0.802333 0.093301 0.033357 0.091313
0 0.288012 0.655666 0.055946 0.154848
0 0.572363 0.323246 0.039845 0.134727
0 0.595409 0.341250 0.043616 0.126445
0 0.637472 0.357150 0.040955 0.126004
0 0.680613 0.364082 0.040393 0.125992
0 0.562749 0.534432 0.043830 0.155582
0 0.592879 0.547223 0.051592 0.171164
0 0.462036 0.715645 0.065560 0.201680
0 0.533751 0.731594 0.050777 0.184750
1 0.544588 0.049761 0.084414 0.097105
1 0.495135 0.100742 0.086461 0.095242
1 0.444981 0.144311 0.117342 0.101324
1 0.356467 0.210184 0.139423 0.133094
1 0.231848 0.317387 0.183196 0.152914
1 0.102189 0.441482 0.205125 0.196152
