0 0.833757 0.044930 0.029062 0.079648
0 0.649570 0.177502 0.036045 0.108676
0 0.671860 0.196619 0.035744 0.102379
0 0.713219 0.207516 0.033818 0.104969
0 0.742835 0.212982 0.033110 0.106059
0 0.649716 0.325977 0.043777 0.122680
0 0.682760 0.333346 0.042664 0.136520
0 0.591999 0.409598 0.051795 0.155742
0 0.623189 0.424732 0.044295 0.134848
1 0.544588 0.049761 0.084414 0.097105
1 0.495135 0.100742 0.086461 0.095242
1 0.444981 0.144311 0.117342 0.101324
1 0.356467 0.210184 0.139423 0.133094
1 0.231848 0.317387 0.183196 0.152914
1 0.102189 0.441482 0.205125 0.196152
