0 0.803546 0.092178 0.033283 0.091043
0 0.279037 0.676670 0.049747 0.162559
0 0.573859 0.318119 0.039563 0.133855
0 0.598173 0.336789 0.043071 0.125695
0 0.639171 0.351520 0.040902 0.125234
0 0.683606 0.359555 0.040247 0.125031
0 0.564222 0.524930 0.042610 0.153062
0 0.596622 0.538729 0.051339 0.169254
0 0.467368 0.701668 0.064676 0.200133
0 0.536601 0.713922 0.052905 0.177297
1 0.544588 0.049761 0.084414 0.097105
1 0.495135 0.100742 0.086461 0.095242
1 0.444981 0.144311 0.117342 0.101324
1 0.356467 0.210184 0.139423 0.133094
1 0.231848 0.317387 0.183196 0.152914
1 0.102189 0.441482 0.205125 0.196152
