1 0.795811 0.832281 0.137455 0.123938
1 0.468638 0.825598 0.135551 0.110570
1 0.314381 0.799475 0.144613 0.113793
1 0.200754 0.608279 0.120771 0.101402
1 0.164228 0.352402 0.065682 0.050602
1 0.310347 0.373602 0.085164 0.059469
1 0.284882 0.343232 0.083717 0.050973
1 0.213440 0.400252 0.058256 0.051973
1 0.475362 0.366586 0.075247 0.048375
1 0.371717 0.463355 0.080875 0.050227
1 0.594263 0.481154 0.089301 0.060277
1 0.365390 0.490510 0.093458 0.074145
1 0.566296 0.509830 0.098009 0.063566
1 0.747848 0.485566 0.087661 0.052617
1 0.757196 0.511447 0.092726 0.070238
1 0.877374 0.700941 0.117783 0.079461
