0 0.807156 0.088803 0.033063 0.090230
0 0.245845 0.750279 0.058298 0.175324
0 0.578374 0.302738 0.038711 0.131250
0 0.606403 0.323391 0.041438 0.123438
0 0.644210 0.334627 0.040741 0.122926
0 0.689705 0.346148 0.039827 0.122938
0 0.570918 0.505354 0.043682 0.151645
0 0.609548 0.520859 0.051238 0.168125
0 0.468125 0.663742 0.062024 0.195844
0 0.540832 0.686953 0.050949 0.179609
1 0.544588 0.049761 0.084414 0.097105
1 0.495135 0.100742 0.086461 0.095242
1 0.444981 0.144311 0.117342 0.101324
1 0.356467 0.210184 0.139423 0.133094
1 0.231848 0.317387 0.183196 0.152914
1 0.102189 0.441482 0.205125 0.196152
