1 0.811448 0.916510 0.170039 0.128723
1 0.253692 0.708191 0.111943 0.108805
1 0.281802 0.653256 0.136176 0.104949
1 0.164943 0.323682 0.074393 0.055379
1 0.316010 0.315447 0.063568 0.041980
1 0.163030 0.371818 0.064655 0.050074
1 0.384814 0.404951 0.076533 0.052473
1 0.344918 0.422158 0.081265 0.056113
1 0.502789 0.400266 0.073256 0.047063
1 0.504783 0.423180 0.080815 0.062844
1 0.465513 0.533936 0.091384 0.068965
1 0.807339 0.564854 0.095869 0.066504
1 0.879420 0.527320 0.105089 0.065969
1 0.868668 0.659855 0.113229 0.078148
