0 0.825457 0.072376 0.032045 0.086496
0 0.607046 0.243377 0.033318 0.115879
0 0.642165 0.261705 0.037426 0.113285
0 0.682826 0.271930 0.036783 0.111867
0 0.715018 0.280785 0.036107 0.113594
0 0.607076 0.416279 0.039092 0.133230
0 0.645418 0.428703 0.045836 0.153453
0 0.526027 0.533330 0.059375 0.174238
0 0.586304 0.555721 0.047071 0.155270
1 0.544588 0.049761 0.084414 0.097105
1 0.495135 0.100742 0.086461 0.095242
1 0.444981 0.144311 0.117342 0.101324
1 0.356467 0.210184 0.139423 0.133094
1 0.231848 0.317387 0.183196 0.152914
1 0.102189 0.441482 0.205125 0.196152
