0 0.792521 0.125895 0.035577 0.096203
0 0.437192 0.397576 0.039146 0.123723
0 0.528975 0.416836 0.036878 0.142414
0 0.552042 0.442756 0.049857 0.141848
0 0.596226 0.459234 0.047095 0.140125
0 0.654987 0.469156 0.046402 0.140266
0 0.507231 0.684822 0.052973 0.183863
0 0.536458 0.696211 0.065357 0.198594
0 0.385125 0.922201 0.076024 0.162684
0 0.475699 0.934932 0.058185 0.140332
1 0.544588 0.049761 0.084414 0.097105
1 0.495135 0.100742 0.086461 0.095242
1 0.444981 0.144311 0.117342 0.101324
1 0.356467 0.210184 0.139423 0.133094
1 0.231848 0.317387 0.183196 0.152914
1 0.102189 0.441482 0.205125 0.196152
