1 0.499552 0.695947 0.118568 0.088457
1 0.161266 0.530824 0.088170 0.079461
1 0.134243 0.317359 0.053116 0.034108
1 0.181808 0.387467 0.069235 0.054223
1 0.417473 0.414930 0.085423 0.064141
1 0.407833 0.345133 0.065667 0.041328
1 0.359320 0.428852 0.061437 0.052547
1 0.249766 0.449914 0.079122 0.058422
1 0.688068 0.427861 0.096613 0.064863
1 0.473516 0.381561 0.073997 0.049027
1 0.573375 0.447076 0.085619 0.059152
1 0.693400 0.455115 0.091384 0.066715
1 0.471661 0.584674 0.097667 0.062863
1 0.671698 0.629055 0.118634 0.087172
