0 0.793238 0.124023 0.035405 0.095789
0 0.428960 0.408352 0.040241 0.124586
0 0.532740 0.409736 0.036432 0.141371
0 0.554789 0.435961 0.049577 0.141234
0 0.599036 0.453043 0.046583 0.139266
0 0.655339 0.461750 0.046452 0.138891
0 0.512610 0.673373 0.052661 0.181355
0 0.541497 0.685449 0.064958 0.198633
0 0.386826 0.913490 0.074128 0.179090
0 0.478359 0.926463 0.056777 0.157301
1 0.544588 0.049761 0.084414 0.097105
1 0.495135 0.100742 0.086461 0.095242
1 0.444981 0.144311 0.117342 0.101324
1 0.356467 0.210184 0.139423 0.133094
1 0.231848 0.317387 0.183196 0.152914
1 0.102189 0.441482 0.205125 0.196152
