0 0.835316 0.041925 0.028667 0.077203
0 0.652333 0.167666 0.035560 0.107910
0 0.675580 0.187242 0.035744 0.101164
0 0.716125 0.197809 0.033440 0.104625
0 0.746176 0.203479 0.032589 0.103855
0 0.657795 0.312201 0.038804 0.119777
0 0.689068 0.319475 0.042125 0.132832
0 0.602521 0.392027 0.051173 0.151961
0 0.631612 0.407645 0.042390 0.131219
1 0.544588 0.049761 0.084414 0.097105
1 0.495135 0.100742 0.086461 0.095242
1 0.444981 0.144311 0.117342 0.101324
1 0.356467 0.210184 0.139423 0.133094
1 0.231848 0.317387 0.183196 0.152914
1 0.102189 0.441482 0.205125 0.196152
