0 0.830138 0.061711 0.030991 0.084078
0 0.627403 0.207979 0.038795 0.111059
0 0.657972 0.231277 0.035824 0.106992
0 0.698948 0.241779 0.035515 0.110871
0 0.727890 0.249824 0.033935 0.109359
0 0.625951 0.373328 0.036902 0.126898
0 0.662003 0.382906 0.043887 0.142461
0 0.551360 0.470229 0.057125 0.161629
0 0.600501 0.493596 0.049991 0.141957
1 0.544588 0.049761 0.084414 0.097105
1 0.495135 0.100742 0.086461 0.095242
1 0.444981 0.144311 0.117342 0.101324
1 0.356467 0.210184 0.139423 0.133094
1 0.231848 0.317387 0.183196 0.152914
1 0.102189 0.441482 0.205125 0.196152
