1 0.935402 0.909377 0.109375 0.118441
1 0.504902 0.770318 0.130220 0.103449
1 0.192786 0.334902 0.070690 0.053859
1 0.465527 0.356865 0.088792 0.054793
1 0.297019 0.316547 0.062699 0.042813
1 0.283211 0.345967 0.068065 0.051637
1 0.421963 0.367164 0.074818 0.059094
1 0.163894 0.416871 0.079866 0.059219
1 0.602012 0.549164 0.096524 0.059969
1 0.510254 0.553189 0.100092 0.083020
1 0.846204 0.740129 0.115860 0.093383
1 0.933851 0.683375 0.116512 0.065969
1 0.947557 0.650387 0.107375 0.077961
1 0.191929 0.665508 0.094292 0.100312
