0 0.800025 0.105154 0.033801 0.092012
0 0.341159 0.543539 0.053568 0.145594
0 0.557162 0.355367 0.040158 0.138844
0 0.580318 0.372639 0.046768 0.135090
0 0.626979 0.391152 0.041458 0.130656
0 0.662549 0.391645 0.041646 0.131586
0 0.547287 0.584588 0.047372 0.167535
0 0.570513 0.598260 0.053110 0.182613
0 0.437702 0.792912 0.068321 0.212465
0 0.510685 0.805436 0.062619 0.196105
1 0.544588 0.049761 0.084414 0.097105
1 0.495135 0.100742 0.086461 0.095242
1 0.444981 0.144311 0.117342 0.101324
1 0.356467 0.210184 0.139423 0.133094
1 0.231848 0.317387 0.183196 0.152914
1 0.102189 0.441482 0.205125 0.196152
