1 0.567741 0.725689 0.130601 0.117941
1 0.290385 0.726217 0.118271 0.098605
1 0.169653 0.710021 0.118289 0.098949
1 0.065326 0.536299 0.102426 0.089707
1 0.160324 0.378514 0.068536 0.053473
1 0.222530 0.374676 0.072446 0.052711
1 0.366830 0.393314 0.088125 0.061137
1 0.349183 0.363445 0.088307 0.057203
1 0.281789 0.427484 0.061530 0.053172
1 0.535153 0.386852 0.076676 0.050016
1 0.460205 0.495998 0.087792 0.052152
1 0.670186 0.508273 0.094003 0.062484
1 0.480007 0.538838 0.101205 0.079160
1 0.656903 0.543385 0.103033 0.066066
1 0.837576 0.517486 0.093188 0.055520
1 0.847296 0.544057 0.096437 0.072488
