1 0.928125 0.957736 0.143929 0.086957
1 0.331818 0.754521 0.120512 0.115762
1 0.367677 0.700402 0.151271 0.112445
1 0.144238 0.320637 0.069393 0.047414
1 0.293876 0.308701 0.061568 0.041980
1 0.134045 0.359074 0.062655 0.047078
1 0.355975 0.394455 0.076533 0.052473
1 0.313092 0.409320 0.079226 0.055578
1 0.466527 0.388045 0.071268 0.046738
1 0.469784 0.411625 0.079390 0.062219
1 0.409354 0.509797 0.085673 0.063969
1 0.763076 0.548541 0.093830 0.064895
1 0.832188 0.510953 0.105089 0.065969
1 0.800496 0.632395 0.110991 0.075961
