1 0.607146 0.947240 0.180482 0.104949
1 0.463646 0.747078 0.154494 0.123688
1 0.053141 0.589658 0.089098 0.088457
1 0.063005 0.534584 0.098235 0.085184
1 0.232214 0.346836 0.082286 0.057508
1 0.125506 0.361324 0.046720 0.049625
1 0.388845 0.339410 0.071202 0.045227
1 0.260990 0.415932 0.069902 0.051848
1 0.480348 0.440479 0.082244 0.056973
1 0.214488 0.428494 0.081673 0.058473
1 0.446036 0.462840 0.088083 0.057555
1 0.613256 0.437688 0.079369 0.048266
1 0.622061 0.462535 0.087158 0.066867
1 0.653403 0.608418 0.103949 0.074961
1 0.944984 0.610389 0.087765 0.067965
