0 0.831784 0.054084 0.030116 0.082066
0 0.643457 0.196832 0.037509 0.109211
0 0.664449 0.215375 0.035744 0.104813
0 0.707234 0.224914 0.035598 0.110453
0 0.735030 0.233078 0.034226 0.107859
0 0.634722 0.348451 0.041824 0.122340
0 0.670144 0.359635 0.043741 0.140980
0 0.569567 0.443195 0.054551 0.159695
0 0.614440 0.463754 0.043940 0.142508
1 0.544588 0.049761 0.084414 0.097105
1 0.495135 0.100742 0.086461 0.095242
1 0.444981 0.144311 0.117342 0.101324
1 0.356467 0.210184 0.139423 0.133094
1 0.231848 0.317387 0.183196 0.152914
1 0.102189 0.441482 0.205125 0.196152
