0 0.821685 0.075308 0.032179 0.086984
0 0.598845 0.250227 0.033643 0.117305
0 0.636214 0.273117 0.038024 0.115648
0 0.676746 0.283420 0.037360 0.112816
0 0.709859 0.293332 0.037515 0.115594
0 0.597016 0.431014 0.039092 0.136684
0 0.638792 0.446467 0.046750 0.158098
0 0.510341 0.552510 0.053896 0.173535
0 0.579506 0.579449 0.048298 0.157883
1 0.544588 0.049761 0.084414 0.097105
1 0.495135 0.100742 0.086461 0.095242
1 0.444981 0.144311 0.117342 0.101324
1 0.356467 0.210184 0.139423 0.133094
1 0.231848 0.317387 0.183196 0.152914
1 0.102189 0.441482 0.205125 0.196152
