0 0.824118 0.073132 0.032045 0.086496
0 0.604159 0.244326 0.033318 0.115879
0 0.640182 0.265510 0.037625 0.114074
0 0.680345 0.276297 0.036940 0.111992
0 0.713289 0.284971 0.036577 0.114262
0 0.604010 0.419979 0.039092 0.133230
0 0.643189 0.434625 0.046140 0.155000
0 0.519470 0.538717 0.054893 0.173605
0 0.584037 0.563617 0.047479 0.156141
1 0.544588 0.049761 0.084414 0.097105
1 0.495135 0.100742 0.086461 0.095242
1 0.444981 0.144311 0.117342 0.101324
1 0.356467 0.210184 0.139423 0.133094
1 0.231848 0.317387 0.183196 0.152914
1 0.102189 0.441482 0.205125 0.196152
