0 0.816832 0.079806 0.032473 0.088066
0 0.589201 0.267400 0.034949 0.122230
0 0.628159 0.288434 0.038818 0.118734
0 0.666067 0.300143 0.038503 0.116191
0 0.703055 0.310590 0.038729 0.118133
0 0.587188 0.456629 0.040863 0.143727
0 0.630022 0.470486 0.048080 0.163754
0 0.494539 0.590904 0.056875 0.182980
0 0.558210 0.606504 0.049932 0.161367
1 0.544588 0.049761 0.084414 0.097105
1 0.495135 0.100742 0.086461 0.095242
1 0.444981 0.144311 0.117342 0.101324
1 0.356467 0.210184 0.139423 0.133094
1 0.231848 0.317387 0.183196 0.152914
1 0.102189 0.441482 0.205125 0.196152
