0 0.814405 0.082056 0.032619 0.088609
0 0.169265 0.916268 0.070196 0.175895
0 0.585939 0.276145 0.036580 0.125445
0 0.622747 0.297045 0.039185 0.119691
0 0.660549 0.308697 0.039074 0.117879
0 0.699710 0.319479 0.039003 0.119332
0 0.583284 0.468803 0.042045 0.146121
0 0.625814 0.483424 0.049068 0.165051
0 0.488438 0.602826 0.061042 0.181824
0 0.554006 0.621047 0.050750 0.163109
1 0.544588 0.049761 0.084414 0.097105
1 0.495135 0.100742 0.086461 0.095242
1 0.444981 0.144311 0.117342 0.101324
1 0.356467 0.210184 0.139423 0.133094
1 0.231848 0.317387 0.183196 0.152914
1 0.102189 0.441482 0.205125 0.196152
