0 0.798290 0.110926 0.034199 0.092891
0 0.368600 0.498164 0.048628 0.139453
0 0.549533 0.371428 0.040315 0.140902
0 0.573924 0.388932 0.047610 0.136934
0 0.618580 0.409721 0.042994 0.133238
0 0.655339 0.411289 0.046452 0.132164
0 0.535978 0.609734 0.047372 0.170797
0 0.559315 0.623779 0.053869 0.188340
0 0.419458 0.827586 0.068024 0.212984
0 0.501387 0.841135 0.057119 0.202973
1 0.544588 0.049761 0.084414 0.097105
1 0.495135 0.100742 0.086461 0.095242
1 0.444981 0.144311 0.117342 0.101324
1 0.356467 0.210184 0.139423 0.133094
1 0.231848 0.317387 0.183196 0.152914
1 0.102189 0.441482 0.205125 0.196152
