0 0.800375 0.103148 0.033726 0.091898
0 0.331549 0.560141 0.055955 0.145594
0 0.559696 0.350012 0.040107 0.138156
0 0.581964 0.367205 0.046488 0.134473
0 0.629092 0.385299 0.041220 0.129848
0 0.665534 0.386744 0.041128 0.130816
0 0.551067 0.576232 0.047372 0.166449
0 0.574226 0.589768 0.052857 0.180707
0 0.443970 0.780139 0.066631 0.212074
0 0.515661 0.786482 0.062929 0.189059
1 0.544588 0.049761 0.084414 0.097105
1 0.495135 0.100742 0.086461 0.095242
1 0.444981 0.144311 0.117342 0.101324
1 0.356467 0.210184 0.139423 0.133094
1 0.231848 0.317387 0.183196 0.152914
1 0.102189 0.441482 0.205125 0.196152
