0 0.788216 0.137119 0.036610 0.098691
0 0.481914 0.342654 0.033589 0.122590
0 0.506504 0.459418 0.039557 0.148664
0 0.535363 0.485787 0.051024 0.149934
0 0.579576 0.500113 0.049152 0.147648
0 0.646360 0.517930 0.049387 0.145469
0 0.488421 0.753705 0.058509 0.192566
0 0.508845 0.766391 0.067750 0.211375
1 0.544588 0.049761 0.084414 0.097105
1 0.495135 0.100742 0.086461 0.095242
1 0.444981 0.144311 0.117342 0.101324
1 0.356467 0.210184 0.139423 0.133094
1 0.231848 0.317387 0.183196 0.152914
1 0.102189 0.441482 0.205125 0.196152
