1 0.902999 0.886258 0.122604 0.124938
1 0.570036 0.880869 0.143167 0.116191
1 0.406345 0.853096 0.154536 0.125723
1 0.275263 0.647100 0.129598 0.106855
1 0.137573 0.344654 0.063015 0.051223
1 0.282106 0.363744 0.083682 0.058637
1 0.257040 0.332998 0.082509 0.050973
1 0.181713 0.386926 0.056354 0.051141
1 0.445481 0.356457 0.074533 0.047555
1 0.332859 0.447801 0.077199 0.050602
1 0.556272 0.467596 0.086949 0.059176
1 0.311842 0.468025 0.090500 0.070738
1 0.525564 0.493980 0.094580 0.061320
1 0.702985 0.469607 0.084899 0.051168
1 0.712161 0.495145 0.090869 0.069117
1 0.796768 0.667621 0.116512 0.079461
