0 0.834751 0.042796 0.028788 0.078121
0 0.650369 0.171096 0.035262 0.108160
0 0.674330 0.190367 0.035744 0.101570
0 0.715146 0.201041 0.033565 0.104738
0 0.745134 0.206488 0.032589 0.104969
0 0.654991 0.317010 0.041173 0.120910
0 0.686955 0.324100 0.042304 0.134059
0 0.599884 0.397496 0.051137 0.153148
0 0.628268 0.412711 0.044036 0.132164
1 0.544588 0.049761 0.084414 0.097105
1 0.495135 0.100742 0.086461 0.095242
1 0.444981 0.144311 0.117342 0.101324
1 0.356467 0.210184 0.139423 0.133094
1 0.231848 0.317387 0.183196 0.152914
1 0.102189 0.441482 0.205125 0.196152
