0 0.841557 0.032347 0.027340 0.067102
0 0.677171 0.141967 0.032973 0.103879
0 0.689810 0.155281 0.031643 0.096625
0 0.722283 0.162768 0.032304 0.094832
0 0.764662 0.173096 0.034086 0.099488
0 0.687321 0.270049 0.037381 0.113785
0 0.710225 0.277436 0.036640 0.124973
0 0.621997 0.336133 0.054232 0.139695
0 0.655888 0.354816 0.039991 0.124258
1 0.544588 0.049761 0.084414 0.097105
1 0.495135 0.100742 0.086461 0.095242
1 0.444981 0.144311 0.117342 0.101324
1 0.356467 0.210184 0.139423 0.133094
1 0.231848 0.317387 0.183196 0.152914
1 0.102189 0.441482 0.205125 0.196152
