0 0.838139 0.037570 0.028064 0.072609
0 0.663693 0.153572 0.035780 0.103980
0 0.681741 0.171611 0.035744 0.099137
0 0.718338 0.182357 0.032807 0.101605
0 0.754613 0.189338 0.033333 0.101496
0 0.667260 0.292811 0.040771 0.116895
0 0.699292 0.297615 0.040726 0.127496
0 0.611371 0.366623 0.052563 0.146387
0 0.642189 0.381840 0.040807 0.127945
1 0.544588 0.049761 0.084414 0.097105
1 0.495135 0.100742 0.086461 0.095242
1 0.444981 0.144311 0.117342 0.101324
1 0.356467 0.210184 0.139423 0.133094
1 0.231848 0.317387 0.183196 0.152914
1 0.102189 0.441482 0.205125 0.196152
