0 0.839833 0.034959 0.027702 0.069855
0 0.670433 0.147770 0.034378 0.103930
0 0.685775 0.163445 0.033693 0.097883
0 0.719336 0.173037 0.032482 0.098566
0 0.760058 0.180963 0.033866 0.100449
0 0.678690 0.281400 0.036726 0.116176
0 0.704759 0.287527 0.038685 0.126234
0 0.616699 0.351377 0.053399 0.143043
0 0.648295 0.367941 0.040399 0.126102
1 0.544588 0.049761 0.084414 0.097105
1 0.495135 0.100742 0.086461 0.095242
1 0.444981 0.144311 0.117342 0.101324
1 0.356467 0.210184 0.139423 0.133094
1 0.231848 0.317387 0.183196 0.152914
1 0.102189 0.441482 0.205125 0.196152
