1 0.691784 0.863365 0.174997 0.140480
1 0.175570 0.661898 0.103378 0.101844
1 0.195929 0.606148 0.121083 0.097453
1 0.186217 0.330623 0.078185 0.056973
1 0.339765 0.323256 0.066077 0.042902
1 0.192689 0.385010 0.066253 0.052473
1 0.415141 0.416119 0.077485 0.053223
1 0.132530 0.394008 0.069679 0.059969
1 0.376743 0.435004 0.083307 0.056648
1 0.539019 0.412488 0.075241 0.047391
1 0.541464 0.435092 0.082929 0.064168
1 0.524893 0.558420 0.096333 0.072465
1 0.850543 0.580217 0.095789 0.068324
1 0.926682 0.543648 0.105089 0.065969
1 0.938996 0.689348 0.115372 0.080961
