0 0.766933 0.165797 0.034997 0.102367
0 0.585665 0.223867 0.031390 0.099875
0 0.385640 0.469543 0.055446 0.155648
0 0.443115 0.574725 0.050515 0.169840
0 0.481302 0.606266 0.054568 0.165813
0 0.537448 0.632738 0.055491 0.171102
0 0.601122 0.627902 0.054089 0.163539
0 0.416262 0.922504 0.064667 0.166414
0 0.466049 0.926377 0.072217 0.152988
1 0.544588 0.049761 0.084414 0.097105
1 0.495135 0.100742 0.086461 0.095242
1 0.444981 0.144311 0.117342 0.101324
1 0.356467 0.210184 0.139423 0.133094
1 0.231848 0.317387 0.183196 0.152914
1 0.102189 0.441482 0.205125 0.196152
