0 0.819257 0.077558 0.032324 0.087527
0 0.593850 0.258797 0.034188 0.119688
0 0.632277 0.280725 0.038423 0.117223
0 0.671615 0.291588 0.037932 0.114504
0 0.706400 0.301699 0.038455 0.116930
0 0.591121 0.444443 0.039682 0.141332
0 0.634363 0.458311 0.047357 0.161199
0 0.502262 0.572676 0.055000 0.179023
0 0.568844 0.592977 0.049116 0.159625
1 0.544588 0.049761 0.084414 0.097105
1 0.495135 0.100742 0.086461 0.095242
1 0.444981 0.144311 0.117342 0.101324
1 0.356467 0.210184 0.139423 0.133094
1 0.231848 0.317387 0.183196 0.152914
1 0.102189 0.441482 0.205125 0.196152
