0 0.801426 0.097135 0.033506 0.091566
0 0.305534 0.615375 0.061890 0.145594
0 0.567296 0.333951 0.039949 0.136098
0 0.589942 0.350182 0.044705 0.127949
0 0.634131 0.368408 0.041060 0.127543
0 0.674570 0.373148 0.040688 0.127922
0 0.559530 0.547176 0.047690 0.154195
0 0.585424 0.564248 0.052098 0.174980
0 0.453188 0.736801 0.067327 0.204773
0 0.529034 0.747312 0.051342 0.184938
1 0.544588 0.049761 0.084414 0.097105
1 0.495135 0.100742 0.086461 0.095242
1 0.444981 0.144311 0.117342 0.101324
1 0.356467 0.210184 0.139423 0.133094
1 0.231848 0.317387 0.183196 0.152914
1 0.102189 0.441482 0.205125 0.196152
