0 0.820470 0.076432 0.032250 0.087254
0 0.596333 0.254514 0.033917 0.118496
0 0.634231 0.276920 0.038223 0.116434
0 0.674359 0.287311 0.037646 0.113660
0 0.708129 0.297518 0.037985 0.116262
0 0.593088 0.438348 0.039092 0.140133
0 0.636562 0.452391 0.047054 0.159648
0 0.506302 0.562594 0.054449 0.176281
0 0.574174 0.586213 0.048705 0.158754
1 0.544588 0.049761 0.084414 0.097105
1 0.495135 0.100742 0.086461 0.095242
1 0.444981 0.144311 0.117342 0.101324
1 0.356467 0.210184 0.139423 0.133094
1 0.231848 0.317387 0.183196 0.152914
1 0.102189 0.441482 0.205125 0.196152
