0 0.809582 0.086553 0.032914 0.089691
0 0.223018 0.801623 0.057875 0.183246
0 0.581393 0.292486 0.038143 0.129512
0 0.611900 0.314459 0.040348 0.121934
0 0.649513 0.325803 0.040217 0.121254
0 0.693051 0.337258 0.039554 0.121734
0 0.575448 0.493191 0.044408 0.150914
0 0.617426 0.509328 0.051042 0.167641
0 0.476676 0.647156 0.060256 0.196266
0 0.543177 0.664225 0.050164 0.175480
1 0.544588 0.049761 0.084414 0.097105
1 0.495135 0.100742 0.086461 0.095242
1 0.444981 0.144311 0.117342 0.101324
1 0.356467 0.210184 0.139423 0.133094
1 0.231848 0.317387 0.183196 0.152914
1 0.102189 0.441482 0.205125 0.196152
