0 0.829481 0.064763 0.031342 0.084887
0 0.621092 0.216625 0.039149 0.113133
0 0.654036 0.238885 0.036226 0.108566
0 0.695208 0.248918 0.035833 0.111117
0 0.725034 0.256521 0.033818 0.109957
0 0.621403 0.384434 0.037509 0.128656
0 0.658641 0.393178 0.044009 0.144160
0 0.543829 0.489574 0.053253 0.170555
0 0.596484 0.508244 0.049991 0.144457
1 0.544588 0.049761 0.084414 0.097105
1 0.495135 0.100742 0.086461 0.095242
1 0.444981 0.144311 0.117342 0.101324
1 0.356467 0.210184 0.139423 0.133094
1 0.231848 0.317387 0.183196 0.152914
1 0.102189 0.441482 0.205125 0.196152
