1 0.083247 0.598537 0.096768 0.098949
1 0.374098 0.328482 0.081173 0.056348
1 0.312232 0.332777 0.074351 0.056359
1 0.413607 0.476334 0.089714 0.062277
1 0.261714 0.449576 0.084601 0.072902
1 0.451705 0.572014 0.098589 0.072309
1 0.698467 0.592750 0.100863 0.065969
1 0.727964 0.564830 0.102119 0.063566
1 0.826626 0.558824 0.114801 0.079836
1 0.916062 0.565893 0.117304 0.085457
1 0.911515 0.675389 0.087851 0.070465
1 0.938421 0.733570 0.125652 0.097453
1 0.514879 0.849125 0.120592 0.123797
1 0.336390 0.826953 0.128012 0.116641
