0 0.791085 0.129635 0.035920 0.097035
0 0.454125 0.378666 0.038488 0.123207
0 0.521504 0.431031 0.037771 0.144500
0 0.546490 0.456352 0.050420 0.143078
0 0.590667 0.471627 0.048119 0.141848
0 0.651921 0.485076 0.045985 0.144918
0 0.501644 0.705242 0.051443 0.186344
0 0.526411 0.717699 0.066155 0.198523
0 0.377871 0.939508 0.076932 0.129875
1 0.544588 0.049761 0.084414 0.097105
1 0.495135 0.100742 0.086461 0.095242
1 0.444981 0.144311 0.117342 0.101324
1 0.356467 0.210184 0.139423 0.133094
1 0.231848 0.317387 0.183196 0.152914
1 0.102189 0.441482 0.205125 0.196152
