0 0.769231 0.161059 0.035545 0.102078
0 0.573250 0.240156 0.030786 0.103055
0 0.347878 0.524000 0.052006 0.165578
0 0.454769 0.556455 0.049598 0.167598
0 0.489363 0.588008 0.054440 0.157109
0 0.542817 0.614045 0.054086 0.169262
0 0.608696 0.613867 0.053405 0.161953
0 0.431786 0.908684 0.063690 0.196586
0 0.474010 0.909379 0.075461 0.185867
1 0.544588 0.049761 0.084414 0.097105
1 0.495135 0.100742 0.086461 0.095242
1 0.444981 0.144311 0.117342 0.101324
1 0.356467 0.210184 0.139423 0.133094
1 0.231848 0.317387 0.183196 0.152914
1 0.102189 0.441482 0.205125 0.196152
