0 0.795420 0.118410 0.034887 0.094547
0 0.404351 0.440672 0.043524 0.127172
0 0.539399 0.392840 0.040524 0.143648
0 0.563088 0.415570 0.048735 0.139391
0 0.607403 0.434479 0.045045 0.136684
0 0.655339 0.440121 0.046452 0.136008
0 0.524259 0.642693 0.049470 0.174762
0 0.548336 0.653187 0.057923 0.190828
0 0.404121 0.890936 0.070682 0.220699
0 0.484603 0.901961 0.060872 0.205719
1 0.544588 0.049761 0.084414 0.097105
1 0.495135 0.100742 0.086461 0.095242
1 0.444981 0.144311 0.117342 0.101324
1 0.356467 0.210184 0.139423 0.133094
1 0.231848 0.317387 0.183196 0.152914
1 0.102189 0.441482 0.205125 0.196152
