0 0.818045 0.078682 0.032399 0.087797
0 0.591368 0.263078 0.034461 0.120875
0 0.630293 0.284527 0.038622 0.118008
0 0.668841 0.295865 0.038217 0.115348
0 0.704743 0.306145 0.038592 0.117531
0 0.589155 0.450535 0.040274 0.142531
0 0.632165 0.464232 0.047664 0.162746
0 0.498222 0.582760 0.055551 0.181770
0 0.563542 0.599740 0.049524 0.160496
1 0.544588 0.049761 0.084414 0.097105
1 0.495135 0.100742 0.086461 0.095242
1 0.444981 0.144311 0.117342 0.101324
1 0.356467 0.210184 0.139423 0.133094
1 0.231848 0.317387 0.183196 0.152914
1 0.102189 0.441482 0.205125 0.196152
