0 0.791804 0.127764 0.035750 0.096621
0 0.445554 0.387557 0.038488 0.123207
0 0.525240 0.423932 0.037324 0.143457
0 0.549266 0.449551 0.050140 0.142461
0 0.593446 0.465416 0.047607 0.140988
0 0.653341 0.477389 0.046146 0.143293
0 0.504022 0.693260 0.052390 0.183863
0 0.531449 0.706936 0.065756 0.198559
0 0.383423 0.930912 0.077917 0.146277
0 0.472716 0.942949 0.060313 0.124336
1 0.544588 0.049761 0.084414 0.097105
1 0.495135 0.100742 0.086461 0.095242
1 0.444981 0.144311 0.117342 0.101324
1 0.356467 0.210184 0.139423 0.133094
1 0.231848 0.317387 0.183196 0.152914
1 0.102189 0.441482 0.205125 0.196152
