0 0.832442 0.051032 0.029765 0.081258
0 0.648275 0.190359 0.031313 0.104375
0 0.666920 0.209125 0.035744 0.104000
0 0.709054 0.219652 0.036262 0.109609
0 0.737856 0.226379 0.034342 0.107258
0 0.639104 0.341062 0.042851 0.122625
0 0.674341 0.351842 0.043384 0.141434
0 0.576850 0.432385 0.053521 0.158926
0 0.616118 0.451055 0.042176 0.140711
1 0.544588 0.049761 0.084414 0.097105
1 0.495135 0.100742 0.086461 0.095242
1 0.444981 0.144311 0.117342 0.101324
1 0.356467 0.210184 0.139423 0.133094
1 0.231848 0.317387 0.183196 0.152914
1 0.102189 0.441482 0.205125 0.196152
