0 0.796854 0.114668 0.034542 0.093719
0 0.386490 0.469430 0.046074 0.133313
0 0.544466 0.382135 0.040420 0.142277
0 0.568640 0.401975 0.048173 0.138160
0 0.612993 0.422098 0.044021 0.134961
0 0.655339 0.425703 0.046452 0.134086
0 0.528448 0.626447 0.047372 0.172973
0 0.552710 0.639262 0.054943 0.190633
0 0.413875 0.864607 0.069714 0.232027
0 0.494126 0.870740 0.060277 0.205152
1 0.544588 0.049761 0.084414 0.097105
1 0.495135 0.100742 0.086461 0.095242
1 0.444981 0.144311 0.117342 0.101324
1 0.356467 0.210184 0.139423 0.133094
1 0.231848 0.317387 0.183196 0.152914
1 0.102189 0.441482 0.205125 0.196152
