0 0.808369 0.087680 0.032988 0.089961
0 0.234423 0.774514 0.056339 0.178324
0 0.579868 0.297611 0.038426 0.130379
0 0.609137 0.318924 0.040893 0.122684
0 0.646740 0.330080 0.040503 0.122098
0 0.691363 0.341703 0.039690 0.122336
0 0.573243 0.499260 0.044283 0.151488
0 0.613952 0.515281 0.051238 0.167984
0 0.472385 0.655449 0.061140 0.196055
0 0.542004 0.675570 0.050557 0.177547
1 0.544588 0.049761 0.084414 0.097105
1 0.495135 0.100742 0.086461 0.095242
1 0.444981 0.144311 0.117342 0.101324
1 0.356467 0.210184 0.139423 0.133094
1 0.231848 0.317387 0.183196 0.152914
1 0.102189 0.441482 0.205125 0.196152
