0 0.828165 0.070864 0.032045 0.086496
0 0.608784 0.230689 0.030247 0.113902
0 0.646101 0.254098 0.037024 0.111711
0 0.687756 0.263191 0.036464 0.111617
0 0.718448 0.272420 0.035170 0.112262
0 0.612250 0.406654 0.038726 0.132176
0 0.649815 0.416861 0.045226 0.150355
0 0.541735 0.520457 0.070018 0.168961
0 0.589795 0.539881 0.047923 0.151793
1 0.544588 0.049761 0.084414 0.097105
1 0.495135 0.100742 0.086461 0.095242
1 0.444981 0.144311 0.117342 0.101324
1 0.356467 0.210184 0.139423 0.133094
1 0.231848 0.317387 0.183196 0.152914
1 0.102189 0.441482 0.205125 0.196152
