0 0.771528 0.156326 0.036092 0.101793
0 0.560518 0.255662 0.030440 0.106191
0 0.312530 0.582828 0.055387 0.181438
0 0.465335 0.537791 0.040432 0.159957
0 0.495150 0.576227 0.054824 0.161203
0 0.548217 0.595311 0.052685 0.167418
0 0.620024 0.599809 0.055345 0.156805
0 0.443045 0.897256 0.063649 0.213262
0 0.479259 0.897010 0.067804 0.208395
1 0.544588 0.049761 0.084414 0.097105
1 0.495135 0.100742 0.086461 0.095242
1 0.444981 0.144311 0.117342 0.101324
1 0.356467 0.210184 0.139423 0.133094
1 0.231848 0.317387 0.183196 0.152914
1 0.102189 0.441482 0.205125 0.196152
