0 0.786454 0.140365 0.036955 0.099520
0 0.497293 0.320430 0.032027 0.116437
0 0.121235 0.929484 0.079869 0.151391
0 0.499004 0.473617 0.040449 0.150750
0 0.529229 0.501500 0.051970 0.151281
0 0.574122 0.517855 0.048720 0.152742
0 0.641231 0.531086 0.053116 0.149750
0 0.481185 0.770162 0.057190 0.196027
0 0.501357 0.786361 0.068548 0.209910
1 0.544588 0.049761 0.084414 0.097105
1 0.495135 0.100742 0.086461 0.095242
1 0.444981 0.144311 0.117342 0.101324
1 0.356467 0.210184 0.139423 0.133094
1 0.231848 0.317387 0.183196 0.152914
1 0.102189 0.441482 0.205125 0.196152
