0 0.826826 0.071620 0.032045 0.086496
0 0.607775 0.236711 0.031384 0.114609
0 0.644147 0.257902 0.037223 0.112500
0 0.685277 0.267559 0.036625 0.111742
0 0.716719 0.276604 0.035640 0.112926
0 0.609963 0.412207 0.039033 0.133055
0 0.647616 0.422783 0.045530 0.151902
0 0.534362 0.523852 0.067414 0.166687
0 0.588107 0.547789 0.047405 0.153625
1 0.544588 0.049761 0.084414 0.097105
1 0.495135 0.100742 0.086461 0.095242
1 0.444981 0.144311 0.117342 0.101324
1 0.356467 0.210184 0.139423 0.133094
1 0.231848 0.317387 0.183196 0.152914
1 0.102189 0.441482 0.205125 0.196152
