1 0.605347 0.821988 0.134979 0.107570
1 0.168512 0.326395 0.068274 0.052992
1 0.441034 0.349381 0.088378 0.055184
1 0.277478 0.309676 0.060949 0.041445
1 0.253141 0.335602 0.066723 0.050313
1 0.394195 0.358525 0.074818 0.058473
1 0.129388 0.401131 0.056545 0.056223
1 0.552049 0.532410 0.093979 0.064195
1 0.439960 0.524637 0.092241 0.078336
1 0.734228 0.694783 0.111372 0.084332
1 0.869746 0.660055 0.112705 0.065969
1 0.888062 0.630389 0.108327 0.072965
1 0.257610 0.705031 0.103637 0.105766
1 0.092835 0.674732 0.103949 0.099699
