1 0.149949 0.635764 0.104518 0.102699
1 0.352351 0.321646 0.078274 0.056738
1 0.286662 0.324430 0.073574 0.055336
1 0.369905 0.458779 0.089274 0.061699
1 0.210847 0.431295 0.079247 0.070090
1 0.368024 0.534139 0.092714 0.069840
1 0.643939 0.570602 0.096866 0.065969
1 0.680933 0.546445 0.100140 0.062969
1 0.783055 0.542418 0.111943 0.077961
1 0.864435 0.543979 0.110714 0.085457
1 0.847649 0.650857 0.085774 0.070465
1 0.854155 0.697430 0.120512 0.094078
1 0.609381 0.904119 0.142214 0.128785
1 0.436601 0.889367 0.133202 0.125062
