0 0.800725 0.101145 0.033652 0.091789
0 0.322403 0.577641 0.058140 0.145594
0 0.562229 0.344662 0.040054 0.137473
0 0.583490 0.361777 0.046205 0.133859
0 0.630762 0.379668 0.041167 0.129078
0 0.668557 0.382211 0.040982 0.129852
0 0.554817 0.567877 0.047372 0.165363
0 0.577969 0.581234 0.052604 0.178797
0 0.447012 0.768756 0.068369 0.218918
0 0.521887 0.775791 0.058060 0.189863
1 0.544588 0.049761 0.084414 0.097105
1 0.495135 0.100742 0.086461 0.095242
1 0.444981 0.144311 0.117342 0.101324
1 0.356467 0.210184 0.139423 0.133094
1 0.231848 0.317387 0.183196 0.152914
1 0.102189 0.441482 0.205125 0.196152
