0 0.765784 0.168162 0.034723 0.102512
0 0.591981 0.217816 0.030747 0.099031
0 0.404324 0.448805 0.057042 0.151039
0 0.437251 0.583846 0.050515 0.170660
0 0.478141 0.613572 0.056759 0.168004
0 0.534762 0.642105 0.056190 0.172023
0 0.597074 0.639510 0.053851 0.164332
0 0.411435 0.930480 0.064714 0.151039
0 0.462865 0.934666 0.072217 0.136441
1 0.544588 0.049761 0.084414 0.097105
1 0.495135 0.100742 0.086461 0.095242
1 0.444981 0.144311 0.117342 0.101324
1 0.356467 0.210184 0.139423 0.133094
1 0.231848 0.317387 0.183196 0.152914
1 0.102189 0.441482 0.205125 0.196152
