0 0.682409 0.135846 0.032378 0.103191
0 0.693844 0.147115 0.029593 0.095371
0 0.725635 0.154740 0.031747 0.093371
0 0.767586 0.166252 0.033685 0.098699
0 0.693164 0.259160 0.033589 0.113203
0 0.716457 0.268518 0.036545 0.124402
0 0.630467 0.322555 0.053137 0.137234
0 0.663482 0.341686 0.039583 0.122410
1 0.544588 0.049761 0.084414 0.097105
1 0.495135 0.100742 0.086461 0.095242
1 0.444981 0.144311 0.117342 0.101324
1 0.356467 0.210184 0.139423 0.133094
1 0.231848 0.317387 0.183196 0.152914
1 0.102189 0.441482 0.205125 0.196152
