0 0.822897 0.074184 0.032104 0.086715
0 0.601329 0.245945 0.033372 0.116117
0 0.638198 0.269313 0.037824 0.114859
0 0.677865 0.280664 0.037098 0.112117
0 0.711560 0.289152 0.037048 0.114930
0 0.600975 0.423678 0.039092 0.133230
0 0.640990 0.440549 0.046443 0.156551
0 0.514507 0.543461 0.053598 0.171687
0 0.581772 0.571553 0.047890 0.157012
1 0.544588 0.049761 0.084414 0.097105
1 0.495135 0.100742 0.086461 0.095242
1 0.444981 0.144311 0.117342 0.101324
1 0.356467 0.210184 0.139423 0.133094
1 0.231848 0.317387 0.183196 0.152914
1 0.102189 0.441482 0.205125 0.196152
