1 0.315296 0.605385 0.102807 0.085457
1 0.187719 0.335553 0.064937 0.050551
1 0.318579 0.312799 0.078914 0.052723
1 0.260960 0.419119 0.074717 0.057176
1 0.482725 0.437811 0.087890 0.066480
1 0.464436 0.363578 0.067920 0.041523
1 0.444368 0.461453 0.064330 0.056188
1 0.356185 0.495139 0.086357 0.061918
1 0.755644 0.450957 0.099920 0.066836
1 0.530964 0.404414 0.077881 0.050523
1 0.667963 0.482459 0.102235 0.070465
1 0.770174 0.483645 0.099634 0.067133
1 0.645116 0.660123 0.107375 0.068215
1 0.843659 0.698586 0.127080 0.095453
