0 0.833099 0.047981 0.029413 0.080453
0 0.648799 0.183906 0.036824 0.109188
0 0.669390 0.202873 0.035744 0.103191
0 0.711292 0.213986 0.034071 0.105199
0 0.740409 0.219682 0.033854 0.106660
0 0.645228 0.333436 0.041408 0.123301
0 0.678565 0.342594 0.043024 0.138977
0 0.584132 0.421568 0.052491 0.158152
0 0.619180 0.438014 0.042527 0.138066
1 0.544588 0.049761 0.084414 0.097105
1 0.495135 0.100742 0.086461 0.095242
1 0.444981 0.144311 0.117342 0.101324
1 0.356467 0.210184 0.139423 0.133094
1 0.231848 0.317387 0.183196 0.152914
1 0.102189 0.441482 0.205125 0.196152
