0 0.832770 0.049506 0.029588 0.080855
0 0.648399 0.187107 0.037214 0.109441
0 0.668170 0.205998 0.035744 0.103598
0 0.710179 0.216867 0.035060 0.107172
0 0.739196 0.223031 0.034226 0.106961
0 0.642969 0.337168 0.040223 0.123609
0 0.676452 0.347219 0.043202 0.140203
0 0.580491 0.426977 0.053006 0.158539
0 0.617162 0.444652 0.041646 0.139672
1 0.544588 0.049761 0.084414 0.097105
1 0.495135 0.100742 0.086461 0.095242
1 0.444981 0.144311 0.117342 0.101324
1 0.356467 0.210184 0.139423 0.133094
1 0.231848 0.317387 0.183196 0.152914
1 0.102189 0.441482 0.205125 0.196152
