1 0.565122 0.940773 0.164946 0.115141
1 0.172033 0.533865 0.083768 0.071090
1 0.242351 0.356250 0.066923 0.052180
1 0.373131 0.329752 0.082571 0.056113
1 0.345329 0.452869 0.082503 0.060582
1 0.555354 0.463941 0.091482 0.068195
1 0.521010 0.382021 0.070176 0.041723
1 0.538618 0.497418 0.068485 0.060617
1 0.476815 0.546756 0.097024 0.069527
1 0.823220 0.474014 0.103226 0.068809
1 0.588442 0.427262 0.081765 0.052023
1 0.764622 0.516588 0.098768 0.071535
1 0.849185 0.513023 0.106583 0.068391
1 0.839887 0.744066 0.121083 0.075711
