1 0.471311 0.679414 0.123991 0.112578
1 0.213499 0.682107 0.108604 0.092262
1 0.103973 0.670881 0.110042 0.098949
1 0.191955 0.391572 0.071327 0.056949
1 0.252063 0.386213 0.076202 0.054090
1 0.395071 0.403168 0.089607 0.061969
1 0.382662 0.374225 0.090622 0.060387
1 0.317009 0.441250 0.063054 0.053672
1 0.138624 0.397754 0.068158 0.061469
1 0.565064 0.396982 0.077390 0.050832
1 0.508335 0.517705 0.090241 0.056973
1 0.708147 0.521832 0.096354 0.063586
1 0.543226 0.565307 0.108060 0.081160
1 0.703374 0.560369 0.105318 0.067066
1 0.882440 0.533447 0.095952 0.056973
1 0.892362 0.560361 0.098295 0.073613
