1 0.679110 0.779828 0.132506 0.122938
1 0.367272 0.770326 0.127938 0.104949
1 0.241274 0.754141 0.130905 0.105547
1 0.126246 0.569422 0.111943 0.095953
1 0.134887 0.367207 0.062399 0.046477
1 0.192996 0.363133 0.068687 0.051328
1 0.338585 0.383457 0.086646 0.060305
1 0.316546 0.353355 0.085890 0.053742
1 0.246567 0.413746 0.060009 0.052672
1 0.505272 0.376719 0.075961 0.049195
1 0.415001 0.478355 0.084586 0.050227
1 0.632225 0.494715 0.091652 0.061383
1 0.420171 0.513670 0.096057 0.076871
1 0.610464 0.526400 0.100750 0.065066
1 0.792713 0.501527 0.090426 0.054070
1 0.802260 0.527752 0.094580 0.071363
