1 0.243664 0.569645 0.093286 0.078273
1 0.215036 0.345902 0.065929 0.051367
1 0.345610 0.321098 0.080804 0.054508
1 0.303144 0.436002 0.078610 0.058879
1 0.519039 0.450895 0.089685 0.067336
1 0.492738 0.372801 0.069048 0.041625
1 0.491507 0.479436 0.066408 0.058402
1 0.413454 0.519570 0.090955 0.064844
1 0.789448 0.462465 0.101574 0.067820
1 0.559704 0.415840 0.079824 0.051273
1 0.716113 0.499445 0.100500 0.071000
1 0.808576 0.497889 0.103759 0.067340
1 0.742501 0.702115 0.114229 0.071965
1 0.930979 0.733584 0.131363 0.100449
