0 0.837010 0.039312 0.028306 0.074445
0 0.660308 0.158008 0.036807 0.106398
0 0.679271 0.177861 0.035744 0.099949
0 0.718137 0.188342 0.033060 0.103465
0 0.750984 0.194926 0.032979 0.102195
0 0.664491 0.299369 0.036601 0.117293
0 0.695376 0.305604 0.041586 0.129145
0 0.607848 0.376785 0.052006 0.148617
0 0.638813 0.391912 0.041077 0.129176
1 0.544588 0.049761 0.084414 0.097105
1 0.495135 0.100742 0.086461 0.095242
1 0.444981 0.144311 0.117342 0.101324
1 0.356467 0.210184 0.139423 0.133094
1 0.231848 0.317387 0.183196 0.152914
1 0.102189 0.441482 0.205125 0.196152
