1 0.468937 0.900326 0.156982 0.136434
1 0.107292 0.502857 0.080601 0.069621
1 0.269667 0.366596 0.067917 0.052996
1 0.400682 0.338412 0.084339 0.057723
1 0.387515 0.469736 0.086399 0.062285
1 0.591638 0.477025 0.093277 0.069051
1 0.549313 0.391246 0.071304 0.041820
1 0.585728 0.515361 0.070563 0.062832
1 0.548375 0.576875 0.102464 0.073359
1 0.857024 0.485561 0.104881 0.069793
1 0.617150 0.438691 0.083705 0.052773
1 0.814558 0.534395 0.097033 0.072070
1 0.893106 0.529449 0.107461 0.070695
1 0.937272 0.786059 0.127938 0.079461
