1 0.378637 0.635127 0.116202 0.107129
1 0.143952 0.640484 0.100292 0.088156
1 0.226268 0.405010 0.074071 0.056910
1 0.281600 0.397756 0.079961 0.055473
1 0.423311 0.413025 0.091086 0.062801
1 0.419625 0.387762 0.092524 0.062469
1 0.354460 0.455570 0.065110 0.054187
1 0.180792 0.417996 0.072536 0.062969
1 0.594945 0.407111 0.078104 0.051652
1 0.561479 0.539162 0.093732 0.062387
1 0.747254 0.535633 0.098616 0.065094
1 0.606415 0.591814 0.114914 0.083160
1 0.753815 0.579027 0.106917 0.068367
1 0.930565 0.546299 0.095952 0.056973
1 0.937396 0.576666 0.100149 0.074738
