0 0.805943 0.089928 0.033137 0.090504
0 0.257268 0.726084 0.060256 0.172324
0 0.576878 0.307863 0.038994 0.132117
0 0.603640 0.327855 0.041982 0.124188
0 0.642510 0.340258 0.040795 0.123695
0 0.688018 0.350594 0.039964 0.123539
0 0.568564 0.511408 0.043080 0.151801
0 0.605143 0.526398 0.051238 0.168266
0 0.467615 0.680924 0.062908 0.207473
0 0.539659 0.698299 0.051342 0.181676
1 0.544588 0.049761 0.084414 0.097105
1 0.495135 0.100742 0.086461 0.095242
1 0.444981 0.144311 0.117342 0.101324
1 0.356467 0.210184 0.139423 0.133094
1 0.231848 0.317387 0.183196 0.152914
1 0.102189 0.441482 0.205125 0.196152
