0 0.779536 0.143887 0.037464 0.101070
0 0.526094 0.290301 0.031295 0.113281
0 0.205472 0.765648 0.075045 0.213406
0 0.487228 0.506395 0.037848 0.161383
0 0.517173 0.531094 0.053571 0.150938
0 0.563088 0.546328 0.050461 0.154375
0 0.635189 0.559590 0.053116 0.154414
0 0.463766 0.822068 0.060092 0.199840
0 0.498751 0.838939 0.062324 0.216863
1 0.544588 0.049761 0.084414 0.097105
1 0.495135 0.100742 0.086461 0.095242
1 0.444981 0.144311 0.117342 0.101324
1 0.356467 0.210184 0.139423 0.133094
1 0.231848 0.317387 0.183196 0.152914
1 0.102189 0.441482 0.205125 0.196152
