0 0.839269 0.035829 0.027823 0.070773
0 0.668196 0.149703 0.034845 0.103945
0 0.684451 0.166166 0.034378 0.098301
0 0.718539 0.176373 0.032554 0.099746
0 0.758243 0.183754 0.033688 0.100797
0 0.675077 0.285154 0.036762 0.116895
0 0.702955 0.290891 0.039363 0.126656
0 0.614923 0.356461 0.053119 0.144156
0 0.645772 0.372318 0.040533 0.126715
1 0.544588 0.049761 0.084414 0.097105
1 0.495135 0.100742 0.086461 0.095242
1 0.444981 0.144311 0.117342 0.101324
1 0.356467 0.210184 0.139423 0.133094
1 0.231848 0.317387 0.183196 0.152914
1 0.102189 0.441482 0.205125 0.196152
