0 0.782039 0.142262 0.037470 0.100766
0 0.518903 0.297418 0.031557 0.114484
0 0.183792 0.810256 0.076976 0.223480
0 0.490083 0.498062 0.038619 0.158547
0 0.519999 0.525090 0.053390 0.153305
0 0.564766 0.537461 0.049592 0.155391
0 0.638552 0.549557 0.053116 0.152941
0 0.470597 0.809309 0.059884 0.198070
0 0.499760 0.828996 0.065116 0.223148
1 0.544588 0.049761 0.084414 0.097105
1 0.495135 0.100742 0.086461 0.095242
1 0.444981 0.144311 0.117342 0.101324
1 0.356467 0.210184 0.139423 0.133094
1 0.231848 0.317387 0.183196 0.152914
1 0.102189 0.441482 0.205125 0.196152
