0 0.768082 0.163428 0.035271 0.102223
0 0.579473 0.232014 0.031089 0.101465
0 0.366860 0.493980 0.053780 0.160461
0 0.449007 0.565641 0.050515 0.169016
0 0.484353 0.599637 0.052336 0.162242
0 0.540132 0.623371 0.054789 0.170180
0 0.605034 0.618912 0.053997 0.162746
0 0.425092 0.916307 0.063518 0.180582
0 0.471439 0.916156 0.077402 0.173406
1 0.544588 0.049761 0.084414 0.097105
1 0.495135 0.100742 0.086461 0.095242
1 0.444981 0.144311 0.117342 0.101324
1 0.356467 0.210184 0.139423 0.133094
1 0.231848 0.317387 0.183196 0.152914
1 0.102189 0.441482 0.205125 0.196152
