1 0.830598 0.855572 0.152208 0.113566
1 0.390295 0.650912 0.119577 0.097996
1 0.122536 0.569061 0.086244 0.081559
1 0.324359 0.382666 0.082443 0.060230
1 0.330490 0.320951 0.064253 0.038293
1 0.245493 0.384939 0.058991 0.048262
1 0.595231 0.397293 0.092128 0.056836
1 0.402182 0.354709 0.068173 0.046777
1 0.451975 0.404434 0.077521 0.055609
1 0.586744 0.421664 0.084619 0.063758
1 0.264464 0.492053 0.080875 0.056371
1 0.447314 0.537920 0.104211 0.078652
1 0.899189 0.666131 0.108378 0.070465
1 0.928124 0.721607 0.125652 0.103449
