0 0.783500 0.141629 0.037298 0.100352
0 0.511750 0.304547 0.031714 0.115203
0 0.162997 0.857982 0.079869 0.222918
0 0.492940 0.489768 0.039393 0.155707
0 0.523095 0.517252 0.052917 0.152629
0 0.568320 0.533594 0.048723 0.156406
0 0.641231 0.540559 0.053116 0.151586
0 0.475010 0.803520 0.059366 0.205555
0 0.499310 0.813951 0.066952 0.218371
1 0.544588 0.049761 0.084414 0.097105
1 0.495135 0.100742 0.086461 0.095242
1 0.444981 0.144311 0.117342 0.101324
1 0.356467 0.210184 0.139423 0.133094
1 0.231848 0.317387 0.183196 0.152914
1 0.102189 0.441482 0.205125 0.196152
