0 0.793955 0.122152 0.035232 0.095375
0 0.420756 0.419123 0.041333 0.125449
0 0.535122 0.403869 0.037744 0.142082
0 0.557565 0.429164 0.049298 0.140617
0 0.601815 0.446854 0.046071 0.138402
0 0.655339 0.454535 0.046452 0.137930
0 0.519448 0.659953 0.051753 0.177172
0 0.544612 0.674670 0.063211 0.196840
0 0.391865 0.907988 0.070634 0.191914
0 0.479570 0.916010 0.058247 0.178191
1 0.544588 0.049761 0.084414 0.097105
1 0.495135 0.100742 0.086461 0.095242
1 0.444981 0.144311 0.117342 0.101324
1 0.356467 0.210184 0.139423 0.133094
1 0.231848 0.317387 0.183196 0.152914
1 0.102189 0.441482 0.205125 0.196152
