0 0.801074 0.099141 0.033577 0.091680
0 0.313969 0.596508 0.060015 0.145594
0 0.564763 0.339307 0.040003 0.136785
0 0.587179 0.354648 0.045250 0.128703
0 0.632461 0.374039 0.041113 0.128312
0 0.671577 0.377682 0.040833 0.128887
0 0.557359 0.555986 0.048170 0.157676
0 0.581682 0.572742 0.052351 0.176891
0 0.450092 0.753297 0.068101 0.213391
0 0.525814 0.762465 0.054604 0.188211
1 0.544588 0.049761 0.084414 0.097105
1 0.495135 0.100742 0.086461 0.095242
1 0.444981 0.144311 0.117342 0.101324
1 0.356467 0.210184 0.139423 0.133094
1 0.231848 0.317387 0.183196 0.152914
1 0.102189 0.441482 0.205125 0.196152
