0 0.810796 0.085430 0.032842 0.089422
0 0.211628 0.830664 0.061744 0.189453
0 0.582887 0.287355 0.037857 0.128641
0 0.614634 0.309992 0.039804 0.121180
0 0.652257 0.321525 0.039932 0.120410
0 0.694708 0.332812 0.039417 0.121133
0 0.577414 0.487084 0.043815 0.149715
0 0.619530 0.502871 0.050548 0.166992
0 0.480490 0.636049 0.059372 0.190848
0 0.546394 0.650559 0.050765 0.170570
1 0.544588 0.049761 0.084414 0.097105
1 0.495135 0.100742 0.086461 0.095242
1 0.444981 0.144311 0.117342 0.101324
1 0.356467 0.210184 0.139423 0.133094
1 0.231848 0.317387 0.183196 0.152914
1 0.102189 0.441482 0.205125 0.196152
